# layer2 weight: 64 x 128
0.16698998 0.010191066 0.39079353 0.055521656 0.10873835 0.033479773 -0.12894577 0.024551857 -0.024038307 0.025292015 0.26167846 -0.19074243 -0.028335061 0.044733495 -0.069227569 0.1556503 0.3113085 0.15817201 -0.074485697 0.10080153 -0.0038125904 -0.15177965 0.00725915 0.045145042 0.12535968 0.14525998 0.10292654 0.077165879 -0.050396468 0.16686945 -0.037210058 0.12944646 0.024434013 0.018790765 -0.059945971 0.0072748214 0.083587848 -0.15200707 -0.052043296 -0.088731453 0.15932532 0.045477964 -0.085838892 -0.088355623 0.12852189 -0.16553353 -0.080495872 -0.0036080764 0.055798434 0.042206414 -0.02103162 -0.047047924 -0.18008715 0.10162499 0.084089324 -0.088026635 -0.21670097 0.17328131 0.32405245 -0.068901263 0.19444987 -0.15138888 -0.0015801109 0.016447129 0.069322601 -0.18798429 -0.02681943 -0.11636204 -0.12615338 -0.11250058 -0.15721461 0.20136084 0.25859669 -0.07823427 0.00022087022 0.16677204 -0.21861945 0.089976005 0.14886817 0.084898539 0.094467677 0.058253329 -0.11007778 -0.018435311 0.032450002 -0.011154677 0.20553911 0.12812492 -0.12404433 0.053394336 -0.13484347 0.0097865611 0.14211935 0.072437033 0.071691707 0.11093923 0.019660097 0.1659096 -0.071198113 -0.28618509 -0.20955119 -0.03514374 0.030819096 -0.12582371 0.1081226 -0.16304637 0.070337005 0.078122109 -0.14700457 -0.068332314 -0.092823207 0.023121735 -0.061680268 0.18787862 0.012120704 -0.14209369 0.057466827 0.045925979 -0.28373644 -0.063091509 0.092291214 -0.041744038 -0.40697327 0.096675381 -0.019483855 0.035945959 0.071412325 -0.10712654
0.17394421 0.19474028 0.1335946 0.017804636 -0.23693369 -0.16337901 0.21647042 -0.052957587 -0.030395417 0.085962906 0.044445589 -0.2707791 -0.068755075 -0.040765252 -0.038121585 0.2811656 -0.093153708 0.24890076 0.1630709 -0.039953891 0.056895334 -0.45093572 -0.044526365 0.044505984 -0.067908242 0.41423765 -0.0025437733 0.13629355 0.21634829 0.05914386 0.062478155 0.093642049 0.14785683 -0.48002365 -0.19779706 0.061456438 0.12349112 0.078179054 0.070027046 -0.26951462 0.0049489043 -0.04881645 0.011393083 0.049555309 -0.08349216 -0.26952136 0.14120328 0.11776917 0.016043879 0.16585931 -0.061174631 0.085358627 -0.137959 -0.0031045107 -0.047118042 0.032173853 0.077384621 -0.30435771 0.10557225 -0.33822817 -0.038466848 0.082585633 0.15464525 0.02084728 -0.36972964 0.14815341 0.039158054 -0.21282259 0.13234825 0.057695899 0.024164291 -0.03363499 0.3133893 0.095721386 -0.47371459 0.12196776 -0.077890538 -0.0116678 0.070857264 -0.093116842 0.30420247 0.16022547 -0.14073263 0.07046748 -0.065880507 0.13267533 0.0092162145 0.14078899 -0.035918284 -0.090015784 0.34834024 0.14416814 0.037254527 0.11253633 -0.26051554 -0.085507415 -0.16771229 -0.049701933 0.14899202 -0.021174258 -0.13488868 -0.15665986 -0.13262439 0.05697298 0.008910777 -0.4858827 0.10846248 -0.0057267938 0.096593954 0.20229904 0.17310463 0.0046717669 -0.30624503 0.38921019 0.10134359 0.0014468686 0.21627364 0.011843881 0.049677286 -0.13413681 -0.068551056 0.061966676 0.26231322 0.1888669 -0.16460998 -0.43422991 -0.069216967 0.14737839
-0.015673105 -0.10129824 -0.37238303 -0.15428275 0.046844676 0.049659971 -0.14927217 -0.0708832 0.090538248 0.036988109 -0.30751899 0.36094406 0.046252243 0.15370926 -0.31775519 0.13788287 -0.1622691 -0.14414114 -0.12873307 0.15321414 0.064058214 0.22145699 0.093004912 0.023668479 -0.092874281 -0.24055311 -0.16293713 -0.0023491879 0.092104584 -0.033453844 -0.016651647 0.050117943 0.063642927 0.10308411 0.20624326 0.030082226 0.054308914 0.089006945 -0.13085561 0.20836678 -0.26851478 -0.01766995 0.19710134 0.032187492 0.011520217 0.06563475 0.085394114 -0.40040711 0.048983682 -0.081808843 -0.013454807 -0.28040078 -0.0047387932 -0.14726944 -0.013534384 0.18737006 0.076296978 0.20756716 0.17568937 0.11350304 -0.13890767 0.015037432 -0.15355709 -0.03868179 0.086574875 0.21112704 -0.089002006 0.19504628 -0.015591927 0.095140718 0.085691243 -0.12056255 -0.24665621 -0.022034558 0.19896258 0.085922375 0.19021392 -0.093494423 -0.16259331 0.2207336 -0.21657461 -0.14196818 -0.030192753 0.021742778 0.0065251226 0.07677979 -0.12246098 -0.16952926 0.070963375 -0.082693949 0.12722591 0.046673238 -0.19456485 -0.26001233 0.090734385 0.15453279 0.047886141 -0.023051009 -0.093893833 0.32403505 0.14112617 0.23945552 0.081391677 -0.10609759 -0.18776083 0.15159473 0.18022129 0.12222611 0.012593133 0.16101328 0.15082884 0.016063064 0.051332083 -0.47419479 -0.041848596 0.0028770545 -0.10443643 -0.11828942 0.21902832 0.13257249 -0.21802381 -0.025689857 0.20561139 -0.16073929 0.24244386 0.076294765 -0.081372879 0.111081
-0.29979184 0.1093146 -0.3217091 -0.12618354 0.084924281 -0.10138566 -0.10810293 0.044185907 -0.045158405 0.0096474914 0.60076201 -0.019835776 0.065583214 0.099101312 0.42910367 0.051333159 -0.07852371 -0.28962994 0.2667802 0.10082898 0.13557275 0.10760115 -0.012204262 -0.081928365 0.13208449 0.013204419 0.18427788 0.1414661 -0.0020379999 -0.061545581 -0.033593051 0.023804424 0.044236623 -0.018937632 0.041843589 0.046421371 -0.025564833 -0.14727682 0.34877649 0.17821446 0.044283461 -0.052596971 0.15724698 0.033681892 0.12936975 0.036267251 0.086216293 0.1573737 0.030359145 0.064757511 0.15171908 0.012727708 -0.074369773 -0.14677981 0.12593661 0.071122505 0.23616655 -0.017163714 -0.33154079 -0.016962737 -0.10813028 0.29343176 0.15955098 0.072423726 0.0010243274 -0.019483645 0.22623554 0.049747601 0.15543593 0.021236721 0.031321406 0.052660309 0.29170898 0.0023724367 -0.047655504 -0.29840612 -0.33141455 0.22894163 -0.1812031 0.042205609 -0.028558696 0.25762746 -0.060943551 0.14901958 0.022486055 -0.063414402 0.093198009 0.020929717 -0.043487117 0.13117029 0.10425738 0.028395599 -0.13795172 -0.034497686 0.053246334 0.050966986 -0.087195478 0.16699134 0.37725601 -0.024086613 0.031240877 0.23881266 0.16831461 0.029928969 -0.27729973 -0.031814743 -0.23267789 -0.13345781 0.14478152 -0.20486917 0.055174418 0.075371221 0.40515944 0.14467371 0.0072580497 -0.10625038 -0.12445141 0.040207118 0.10852022 -0.066081092 -0.24775554 -0.02762641 0.20031679 0.30191898 0.060717531 -0.040724386 -0.1358598 0.0051040342
-0.0916963 0.10593536 -0.16527291 -0.14905496 0.02281669 0.030009016 -0.051863499 -0.052401923 -0.032236475 0.07545723 0.19872484 0.033453703 0.033828557 0.021017443 0.10824869 -0.06089652 -0.055498905 -0.16858165 -0.10294554 0.0062892283 -0.062841676 -0.13806543 -0.084919773 0.036537599 -0.01631582 0.097179383 0.068026386 -0.0037010955 0.066517293 -0.084271044 -0.084393151 -0.089462087 -0.014151285 0.033536904 0.026006561 0.0088693462 -0.15186602 0.032499161 -0.03630865 0.042357199 -0.058662947 0.033173803 -0.03799459 -0.05041432 -0.068252169 0.08567854 0.053155787 -0.095452607 0.098534919 -0.11344907 -0.073170312 -0.063809328 0.049915332 -0.064630993 -0.093732134 0.01503784 -0.17140993 0.1430756 0.074010901 -0.15862243 -0.16565321 -0.050820645 -0.081888519 -0.13386822 -0.053931646 -0.089549556 -0.1161043 -0.016262472 -0.20430788 -0.13459356 -0.084133901 0.18872227 0.1869739 -0.042470094 -0.13037784 -0.018110314 -0.018084321 -0.19163521 -0.18862773 0.10155622 -0.032017138 0.038712863 -0.082166642 -0.13755591 -0.15073827 -0.012562903 0.19760463 -0.077384256 0.11040531 -0.069771335 -0.28519356 -0.1381287 0.05404919 -0.054192744 -0.084333591 -0.013582985 -0.19027907 -0.11125008 0.059458524 -0.27484828 0.083982967 -0.08564987 0.089356102 -0.080248043 0.28632465 -0.065505952 0.041422717 -0.01134985 -0.14171778 -0.087243266 -0.068464532 -0.073543064 0.11293098 -0.17307508 -0.010196241 -0.11575712 -0.095472477 0.077503406 -0.091235757 0.19908328 0.03166775 0.087697349 -0.065698244 -0.126076 -0.037390031 0.032032896 0.0083809756 -0.053411502
0.081689961 0.15958571 0.36204475 -0.13745807 0.062063839 0.11296249 -0.066660084 -0.074386768 -0.15708308 -0.024399523 0.1480184 0.059000749 -0.058197707 0.25014219 0.018855982 -0.089164816 0.14062551 0.12276631 -0.020742122 -0.080345012 0.027059847 -0.093227848 -0.082094222 0.042898279 0.064186364 0.35142386 0.040625691 -0.040055327 0.11509467 0.16054088 -0.0024816131 0.06109089 -0.0094258143 0.2661823 -0.13888054 0.096501268 0.11401417 -0.24092373 0.00017000176 0.013586019 -0.052675702 -0.010634536 0.053665102 -0.048008192 0.049885057 -0.06132178 -0.016927021 -0.046327777 0.049584251 0.11694435 -0.0073167002 -0.12810536 -0.027347071 0.0063119167 -0.054011434 0.46385476 -0.20847182 0.1842654 0.29718229 0.30762956 -0.037380103 -0.086602882 0.052928761 -0.11087327 0.069272079 0.16874196 -0.0059943618 -0.070180178 -0.20050189 0.00097709137 -0.031507716 0.33773595 0.20603468 -0.088692948 -0.06916593 0.1422728 0.11901157 0.24425386 0.088609353 -0.12276531 0.29756325 -0.14121521 0.021837337 0.072598852 0.14526197 -0.032606948 0.30988914 0.14835995 0.0030067556 0.013708282 0.079776518 0.037748873 0.082306311 -0.12715121 0.0717678 -0.00038000336 -0.071882643 -0.035682097 -0.2716158 -0.046317153 -0.25146696 -0.070711918 0.064791739 -0.043100242 0.31242776 0.032094937 0.18586721 -0.016609738 -0.18894115 0.12206468 -0.03828812 0.10881975 -0.0027991275 0.34083635 -0.015008132 -0.00961826 0.032938432 -0.025423558 -0.079095453 0.051762518 -0.018876066 -0.19971056 -0.21959133 0.020499872 0.098910041 0.14408262 -0.047863431 -0.18796135
-0.10448071 -0.062775269 -0.20746285 -0.13703027 -0.02223935 -0.098916978 -0.10069628 -0.014610646 -0.1567017 0.16051564 -0.37559387 0.14365628 -0.035282336 -0.05910008 -0.50414795 0.075991325 0.14394033 0.35663077 -0.44350526 -0.034800712 0.070385203 -0.31481346 -0.018493958 -0.012072551 0.10267796 -0.11230478 -0.39319664 -0.10761804 0.053527247 0.22694515 0.11035868 0.045126714 0.0076881158 0.17394488 -0.025748493 0.14058511 -0.082133248 0.17696615 -0.17076059 -0.025871446 0.078741774 0.053432524 0.20243059 -0.07271862 -0.17364328 -0.014367213 -0.074237458 -0.23968551 -0.02368883 -0.01457895 0.062984876 -0.45414406 -0.17591144 -0.098190702 0.028859697 0.19379953 0.18324371 0.33151829 0.32863265 0.19673531 -0.45920768 -0.13374871 0.23514321 -0.047659021 0.089661561 0.19562881 0.034440901 0.2559534 -0.145511 -0.19486323 -0.02543602 -0.22741592 -0.24941076 0.021295862 0.17236242 -0.082274146 0.18931019 -0.22888894 -0.02598967 0.039996058 -0.15470894 -0.28813222 -0.12271673 0.029070767 -0.046291254 -0.010520989 -0.21342073 -0.2254108 0.077141523 -0.095630318 0.16637661 0.039290316 -0.077008143 0.17176069 -0.2281803 0.042540282 0.10106933 0.12343618 -0.10595198 0.19790156 -0.16627987 -0.40218565 -0.2307931 0.12653689 0.29031673 0.1703296 0.27375126 -0.17236386 0.021760648 0.026278669 0.090862937 -0.0014361477 0.12220701 -0.12919515 -0.12824707 -0.048456442 -0.099209815 -0.2606838 -0.0041613239 0.092149436 -0.21942374 0.005730045 0.18995292 -0.37408283 0.25850996 -0.043705478 -0.025031745 0.09533941
-0.067577995 0.21541904 0.042737324 -0.029604563 -0.0023975926 -0.052835409 -0.22968233 0.025667047 -0.15460126 0.013625349 0.17379639 -0.29091826 -0.022330891 0.39561036 -0.069880478 0.12915725 -0.1733911 0.035627525 -0.023282144 0.049225114 0.1483821 0.24440312 0.069736809 -0.090608798 0.28683436 0.096324801 0.051370531 0.094462626 0.038084991 0.22585028 -0.12032171 -0.05765314 0.078527443 0.0034437715 0.25671825 0.044986356 0.039916638 -0.014775026 -0.014014682 0.1983873 -0.19128959 0.020957028 0.27520242 0.081228003 0.055722438 0.00018845923 0.23543069 -0.059057169 -0.0139376 0.045715868 0.088134401 -0.13135414 0.23160531 0.036061954 -0.039245877 0.14012919 0.19936697 0.069987029 0.38785991 0.15769789 -0.018949457 -0.24476475 0.070004582 -0.061593983 0.1034459 0.15805039 -0.033982541 0.12609221 0.068653077 0.07033895 0.029720809 0.035279788 0.23266953 0.056295231 0.067193076 -0.029709991 -0.17896147 0.059663214 -0.013232416 -0.20402056 -0.18616034 0.05517751 0.14745349 0.00017197549 0.094951354 0.029299168 -0.066640951 0.051453266 0.04328635 0.051779445 0.058486145 0.081618473 0.007308038 -0.17223462 0.1831003 0.080390058 0.19859982 0.16984522 -0.085291527 0.24768241 -0.23634084 0.20330873 -0.024629347 -0.069133885 -0.4287357 0.17405456 0.28124514 0.12553468 0.069568373 0.03378753 -0.13761431 0.076660037 -0.25775194 0.025973367 0.12429626 -0.11382987 -0.24797378 -0.017584765 -0.27733326 -0.30259612 -0.19745283 0.24751455 0.14477503 0.0095985467 0.4280321 0.026997088 0.20505314 -0.13854516
-0.11208827 -0.14274655 -0.095121309 0.23719828 -0.027906112 0.07076183 -0.026392961 0.034418263 0.12388183 0.00073271652 0.13142605 -0.17783007 0.0025570132 -0.049998473 0.2304659 -0.12188788 0.13366117 -0.087184288 0.29161832 0.12633637 -0.0033076704 0.067281246 0.0033339506 -0.024160221 -0.066759467 -0.14944549 0.19726029 0.11610365 0.03693087 -0.014508639 0.2006387 0.020020174 0.06915085 -0.37689495 0.058148697 -0.082701296 -0.027184945 0.056415185 0.20020364 0.034271568 0.39545324 0.05800464 0.020070564 0.19348063 -0.08169584 -0.14844416 -0.12621473 0.29473951 0.019015163 0.040845413 -0.048960518 0.30365551 0.077801608 0.12668884 0.14705612 -0.5490495 0.053523082 -0.20733553 -0.26525441 -0.1638609 0.18902643 0.11092663 0.014569869 0.19106075 -0.091878809 -0.32391122 0.10129602 0.089965917 0.042142686 0.23767051 0.016864618 -0.10299073 0.054068279 0.081401519 0.062601753 0.090727396 -0.27155137 -0.022925075 0.13324974 0.038496204 -0.0098848389 0.30183193 -0.038576491 0.1458597 0.072090663 0.16340357 0.13424888 -0.22417361 0.12726413 0.24171831 -0.078560911 -0.092693925 0.17865305 0.14445204 0.143227 -0.057888288 0.042187318 -0.020348767 0.16759586 -0.19743378 0.01704572 -0.061480705 0.26686645 0.11597001 -0.24121492 0.012429867 -0.17201318 0.067951381 0.079029188 -0.32068792 0.094462901 0.025782127 0.017309926 -0.10780398 -0.0069345417 0.13147578 0.082833096 0.14386638 0.018347027 -0.083873555 0.16342676 -0.050573878 -0.43782479 0.22259045 -0.11552036 0.040458977 0.17209101 0.25810772
0.019839244 0.0037154909 0.3130866 0.070423178 -0.11130168 -0.066886283 0.30870754 -0.063738845 -0.01694415 -0.2087869 0.2604568 0.071465194 0.07273104 -0.076831289 0.42120597 -0.018605676 0.034706749 -0.11548278 0.15135528 -4.6585787e-06 -0.02186618 -0.041658111 0.0033445042 -0.10242669 -0.26073346 0.32648832 0.0077087898 0.091636911 -0.10891382 0.060912635 0.0020990272 0.01118014 -0.19579275 -0.026256008 -0.073691271 -0.1454962 -0.13200279 0.12672541 0.070550449 -0.0056486176 0.016226728 0.075420864 -0.15285909 0.017872913 0.1674291 0.12246963 0.079658389 0.13662718 0.075431637 -0.051757824 -0.071566105 0.32043055 0.15132652 0.0030714325 0.018963397 0.16126771 -0.16408721 -0.030888367 -0.48296291 0.26954567 0.081515901 0.14252889 0.28662604 -0.047581032 -0.13628916 0.26933157 -0.022321252 0.061971031 0.19816972 -0.001857924 -0.12314806 -0.063092522 -0.048392445 -0.030807149 0.010721666 0.087889642 0.23817851 0.10511048 0.073595032 0.053025223 0.28988859 0.065916665 0.30517805 -0.06179874 -0.012845434 -0.081795417 0.034239441 0.017954949 0.13986808 0.13793047 0.17445545 -0.1956687 0.18465731 -0.005486513 0.00066141086 -0.082980223 -0.10507014 -0.076273464 0.041440219 -0.029093539 0.097604617 0.1317642 0.16668908 -0.02314637 0.23479457 -0.10289384 -0.23815274 0.15680481 -0.045897368 0.071041003 0.054461796 0.050012946 0.40773621 0.1784468 0.11121564 0.12581147 0.078819878 0.094515674 0.18655778 0.05623769 0.16852148 0.009649056 0.060958695 0.01993403 -0.3031362 -0.16315039 -0.063288666 0.041934624
0.13076623 -0.10803827 0.17553261 0.09124063 -0.069883883 0.12524484 0.19300492 -0.050173309 0.19692481 0.15649016 -0.14601462 0.00035501292 0.0440883 -0.26106417 -0.11414155 -0.037034295 0.28212529 0.31873456 -0.08033172 0.15644483 0.077991724 -0.051132612 0.083931737 0.088293247 -0.050336268 -0.21888131 0.082569569 0.047839299 0.056457162 -0.10731307 0.15675904 0.17877743 0.0068708374 -0.37905082 -0.06421297 0.0094903857 -0.011274961 0.18125746 -0.032221317 -0.17599776 0.42808339 -0.026854018 -0.063719831 -0.015996443 0.0050615328 -0.090194039 0.046952941 0.16554172 0.10380455 0.065975785 -0.074612178 0.23398438 -0.10901748 0.28220713 0.094860002 -0.17986345 0.025128493 -0.18215771 0.077098064 -0.10410819 -0.046383865 0.12522538 -0.27083534 0.15752526 -0.10584003 -0.12887591 0.16457058 0.15047698 -0.019995714 0.12328909 -0.029041747 -0.11867501 -0.080667615 0.0257564 -0.12661581 0.39821827 -0.0068668816 -0.15082134 0.11887164 0.1574814 -0.19412343 0.030478943 -0.28910834 0.072977066 0.067367069 0.18061677 -0.040269587 -0.098773748 0.080756217 0.042640436 -0.17789635 0.075903364 -0.013268529 0.54226798 -0.058573097 0.087120332 -0.023387389 -0.020577211 0.054999318 -0.012133925 -0.077079825 -0.21442534 0.040906284 -0.059397127 0.039259929 0.049125217 0.073853046 0.15518707 0.12830129 -0.016701993 0.24872096 0.059078012 -0.10357916 -0.07235413 0.14028016 -0.024499405 0.22789051 -0.060152829 0.028067 0.092841998 -0.0065103872 -0.059391063 -0.43980971 -0.020096175 -0.22180176 0.013202835 0.25953105 0.15043965
0.30856767 0.11102835 0.1886704 0.0928514 -0.033315901 -0.33954474 0.29327178 -0.070761941 -0.10341573 0.11066882 -0.24672323 -0.22726485 0.053043921 -0.05031867 0.022746231 -0.055622894 0.19712394 0.21795057 0.19106096 -0.10867836 -0.035409506 -0.20501524 0.060592987 -0.017393675 -0.12844358 0.49930793 -0.0097280508 0.076935664 0.056671213 0.34979987 -0.012157267 -0.0638531 0.095678382 -0.039213255 -0.060513664 -0.10380461 0.21486954 0.13073276 0.1138749 -0.26520285 -0.13534273 0.044395871 0.081043825 0.057296615 0.023155954 -0.012007769 0.045529023 -0.023476141 -0.18821257 0.069795787 0.048301917 0.23724791 -0.0028862446 0.16882238 0.020646533 0.18359821 0.081303574 -0.18466848 0.066057727 0.024869133 0.056295782 0.024553765 0.47628132 0.053651318 -0.1931826 0.24588393 -0.02274598 -0.086959727 0.1824635 0.069185182 0.10414247 -0.296139 0.14127503 0.085071541 -0.039515052 -0.007781113 0.31159234 -0.18570408 0.11340495 -0.062268991 0.14972714 0.067525618 0.020975962 0.14304772 -0.0020126707 0.13937274 -0.13569196 -0.089071259 0.061877076 -0.12768543 0.24704663 0.12537435 0.064044319 0.049655858 -0.08806432 -0.1790897 0.048580244 -0.0085107796 0.091898747 0.20809045 -0.097950451 0.11275179 -0.15083316 0.1079711 -0.22409199 -0.10191516 0.089723229 -0.18313295 -0.0011676323 0.37374151 -0.036714144 -0.10920228 0.094084188 0.44098544 -0.05475181 0.2433257 0.086548671 0.025820524 0.070098147 -0.35195959 -0.084099971 -0.038848098 0.20127192 -0.16395992 0.095449142 -0.26318318 0.1037277 0.17648363
-0.025575334 -0.042206567 0.15939644 0.11271974 0.09634427 0.11347774 0.013928712 -0.027788581 0.11074922 0.037368815 -0.21031867 0.0042573041 -0.078595571 0.014839632 -0.24313097 -0.24620122 0.028397014 0.035112653 -0.17539585 0.024688097 0.030747088 0.36463362 0.029529814 0.019971361 0.051922016 -0.28714687 0.10632741 -0.17878515 -0.01445276 0.022273654 -0.037049305 0.079824187 -0.0099100489 -0.19212002 0.036342833 -0.10068599 -0.061192825 0.14845161 -0.096910983 0.097058333 0.1141146 -0.093133666 0.046965376 0.11111156 0.087044641 -0.023015607 -0.16701494 0.047930516 -0.077231057 0.11315117 -0.072484806 -0.11790916 0.21217598 0.1135319 -0.0492668 -0.073571533 -0.085735984 0.074937277 0.27705401 0.2449249 0.26052713 -0.12030086 0.070250183 0.10065766 0.084012307 -0.12045809 -0.12303416 0.082609817 -0.06516628 0.086556204 0.17109258 -0.24927357 -0.3585344 -0.076316379 0.038357519 0.11937648 0.18916053 0.14291711 -0.11220773 -0.085238561 -0.028587844 0.14447099 0.31382862 0.094139397 -0.044395793 0.059573781 -0.026553551 -0.051715892 0.19138768 0.2704649 -0.27826348 0.14201403 -0.027688563 -0.0024168361 0.26691157 -0.049456287 0.21175188 0.047343556 -0.16835201 -0.25987193 0.014755723 0.18944471 -0.030016638 0.21171957 0.067536689 0.33800966 0.33786565 0.18813495 0.05383135 -0.12537861 -0.10229374 -0.0019027025 -0.28645304 -0.19660832 0.040243477 0.14996338 -0.038056158 0.057975393 -0.19007038 0.0480626 0.15692165 -0.16332732 -0.5421744 -0.0019340659 0.095793478 0.2250707 0.31137663 0.052844118
0.35709006 0.31388134 0.15617165 0.07815446 0.11486769 -0.0029537217 0.070739001 0.049628526 0.074756257 0.049980275 0.029392825 -0.12846567 -0.054128397 0.052535154 0.023333281 -0.30306789 0.35423896 0.18807526 -0.23262605 -0.0056700148 -0.10428201 -0.11029178 0.018713837 -0.0094374744 0.16973972 0.017200954 -0.07229118 -0.027645513 -0.18818985 0.17687188 0.035816699 0.095514633 0.14076014 0.39200976 -0.13886182 0.05608844 0.14779399 -0.093562961 -0.0072544878 -0.05642454 0.12561858 -0.085879341 -0.17031211 0.067391627 -0.043215282 0.16822472 -0.18126795 0.029571127 -0.020036221 0.021961845 0.084140286 -0.050472945 0.10695878 0.20708735 -0.061465714 -0.08054848 -0.37378994 0.26234898 0.18751979 0.18667559 0.19033059 0.01250228 0.16071218 -0.17516977 0.030008277 0.16271719 0.10497297 -0.18946508 -0.092136435 0.012486071 -0.025115339 0.19355297 0.10622571 0.10071284 0.16883482 0.03970246 0.080469787 0.14557831 -0.088795729 -0.1168181 0.085867979 -0.085937858 0.0056166821 -0.1801023 0.0043944544 -0.047187611 0.2179196 0.24284117 -0.0025764739 -0.098985523 -0.017068487 -0.10749907 0.0054404959 0.21442965 -0.01301829 0.10107984 0.077142254 -0.11595983 -0.30070767 -0.13609838 0.017776838 -0.015930293 -0.11092085 0.047025632 0.12630199 -0.066899478 0.070232466 0.1546865 -0.051184155 0.11763935 -0.37432843 -0.042310763 -0.045745905 0.29130772 -0.0047525885 0.10314419 -0.080510475 0.075361848 -0.14625427 0.080493569 0.21185794 -0.0090993671 -0.26443154 0.029151879 0.28166813 0.12672114 -0.014659974 -0.10209607
-0.19187877 0.020979663 -0.21338092 -0.14691377 0.1294423 0.1683777 -0.13914105 -0.063313372 -0.071887024 0.069562152 0.12137404 0.12800483 -0.0046999967 0.051054094 0.060183521 0.23623826 -0.11772533 -0.12309207 -0.080969937 -0.027843125 0.00019704064 0.088433042 0.038596183 -0.016827615 0.22350913 -0.025198996 0.075073801 0.061308127 -0.012998684 0.012914741 -0.11168047 0.057361726 0.014240421 0.37284613 0.17161481 0.12263238 0.089229196 -0.069596425 -0.080957919 0.28292733 -0.38650307 1.0526175e-05 0.19008923 -0.1411206 0.157096 0.0070229084 0.18677208 -0.1347701 0.088439412 0.042516578 0.041994981 -0.28556222 0.049428344 -0.10558823 -0.12985891 0.36121586 -0.011875879 0.21522807 0.1734162 0.059341978 -0.13278595 -0.16065903 -0.091165386 -0.15486877 0.064252034 0.244472 -0.024245314 0.094421588 -0.032262247 -0.18049918 0.070975281 0.21519037 0.11883155 0.051777139 0.051760502 -0.1008574 -0.041857813 0.14689869 0.010884949 0.0521948 -0.18387522 -0.15148406 -0.042771421 0.040446717 0.077325359 0.0099125998 0.014766206 0.11256391 0.0002514052 -0.03172854 0.049405649 0.18884277 -0.039068636 -0.35376686 0.090743892 0.10540361 -0.049990039 0.09522929 -0.097818539 0.28870952 -0.029545164 0.089483663 -0.020262735 -0.020146446 0.035547037 0.03414033 0.14814976 0.035365444 -0.0054643182 0.29013878 0.092771716 0.12148382 0.13142875 -0.098741725 -0.035414312 -0.23130694 0.0087274741 -0.043981683 -0.040049396 0.10100804 -0.20052658 -0.050063703 0.41506019 0.0040061017 0.0082995975 -0.0059830039 -0.13461269 -0.11290816
-0.16166998 0.23009218 -0.22133595 -0.082853414 0.052564848 0.016280729 -0.074594282 -0.033252157 0.096245743 -0.082297817 -0.054394607 0.20670991 0.028992161 0.063864693 0.12715298 -0.36740923 -0.31645793 -0.14736304 -0.11304869 -0.062931925 0.073076651 0.21115513 0.051229086 0.043980941 -0.074713133 0.27882996 -0.099551946 -0.020735793 0.2147529 0.030550743 -0.088852167 0.069510043 0.049433384 0.056875762 -0.083867662 -0.051886056 0.043441232 -0.14650908 0.17416029 0.18534264 0.11325573 0.03756908 0.024410488 0.099974908 0.067831971 -0.050266974 -0.021320932 0.11339698 -0.03822675 0.13736212 0.010742386 -0.23587535 0.15114278 -0.43639946 -0.029057657 0.42029375 0.12937398 0.10345796 -0.0089994157 0.23596425 -0.11006905 0.16261345 -0.10037121 -0.023658143 0.14721555 -0.068416305 -0.024953006 0.014274336 0.056572359 -0.0020774675 0.082471617 0.01304279 -0.11580846 0.11902367 -0.0037540277 -0.39405999 0.31312329 0.29765049 -0.17665139 0.014634653 0.42408082 0.016667761 0.35896677 0.074938186 0.042041253 0.085556962 0.17075504 0.0068152705 0.11649361 0.32181352 0.18200263 -0.042539049 -0.094779976 -0.51914161 0.079396665 0.041750371 0.0073247445 -0.031313602 -0.015439495 -0.23465919 0.24267432 -0.017152833 -0.099238075 0.21787547 -0.0049527446 0.25436601 0.011460114 -0.18121402 0.10105947 0.18390629 -0.087197982 -0.0091864793 0.015749913 0.075243749 0.070883438 -0.029440012 -0.10103834 -0.068662696 0.10817315 0.041760735 0.0081971651 -0.41452608 0.29793787 -0.0042690728 0.13996312 0.24153827 0.071641602 -0.20159943
0.018137826 0.28701764 -0.17302312 -0.36750078 -0.071313329 0.086331069 0.13474247 0.076786675 0.034525312 -0.066440262 0.19794731 0.1535718 -0.0082215136 0.036479168 0.073234007 -0.22866157 -0.073777094 -0.099042244 -0.17600779 -0.10742488 0.126424 0.14318869 -0.09980502 0.087709382 0.020797035 0.2064323 0.052816883 -0.01704823 0.066182442 -0.096472368 0.037968338 0.055809822 -0.026833488 0.22567637 0.032723513 0.15685827 -0.048365053 -0.14655475 0.40122244 0.23363864 0.2022213 0.037568238 0.078238159 0.0086591151 0.0064704288 -0.015257802 0.039368019 0.025495894 0.022258678 0.064296022 -0.061721295 -0.30725232 0.030726355 -0.092432626 -0.22635694 0.51607382 -0.01798963 -0.026392804 -0.13094941 0.26274446 -0.15228428 0.12008837 0.055437293 -0.028165514 0.088685684 0.091443166 0.09197288 0.015404302 0.0049336143 -0.066917039 0.12804401 0.17403093 0.061184343 0.11766987 0.16929407 -0.18197888 0.13716863 0.1796142 -0.029242819 -0.048972197 0.20565487 0.14543618 0.049545169 0.16710511 0.094811045 -0.084453225 0.10106861 0.093416862 0.13694386 0.25256979 0.34666798 0.15525982 -0.13367628 0.040233422 -0.1049997 -0.076600023 -0.10305305 -0.037202433 0.15126447 -0.12420113 0.17842387 -0.036894538 -0.20814027 0.265926 0.37249303 0.088210456 -0.079904772 -0.23256107 0.06616313 0.063237108 -0.036833931 0.00053991919 0.026630295 0.32359219 -0.035104413 -0.19726725 0.067136206 0.043746933 0.22223654 0.22057946 0.10042363 -0.55582571 -0.23909585 -0.14689004 0.037313983 0.01497326 -0.061114635 -0.01921989
-0.19651249 0.050237339 -0.10529152 -0.31168222 0.12858495 0.026090888 -0.13218459 0.037395891 -0.028941505 0.13706394 -0.21587646 0.011718118 0.0073170848 0.016611172 -0.18598345 0.30316913 -0.5776875 -0.088452563 0.0071646683 0.12403234 -0.032987349 -0.19373931 -0.018185494 -0.086461529 -0.047973901 0.34142834 0.0084649762 -0.0644968 0.2947413 -0.20269279 0.04648833 0.087660275 0.075844876 -0.12804128 0.014434549 0.080814838 0.093139552 0.035086613 0.00037637629 0.16713984 -0.13465324 0.006149434 0.10474163 0.05987196 0.12183368 0.033162206 0.16270083 0.040365562 0.10230565 0.13445169 -0.066063493 -0.22868784 -0.024964334 -0.28232273 0.040073734 0.35584864 0.087642439 0.13000107 0.15407611 -0.1002794 -0.18464877 -0.17677242 -0.65372843 -0.086030111 0.1311225 0.033377524 0.013430388 0.057172548 -0.13330409 -0.039654866 -0.10194228 0.21266428 0.29001063 -0.056417439 -0.04908118 0.14562199 0.11225359 0.032165628 -0.063590445 0.072656848 0.15915906 0.043643642 -0.22963449 0.065970905 0.043201987 0.17284165 0.024108911 0.1972616 0.047931366 -0.28401944 0.23435213 0.079583973 -0.028110854 -0.17376032 -0.089029819 0.052061703 0.011168617 0.089119211 -0.10208824 -0.0081908042 -0.016049298 -0.3036851 -0.057926476 -0.041171461 0.11350469 0.028391266 0.12771861 -0.089477003 0.11225127 0.12366564 0.18163103 0.097739846 -0.38251558 -0.0037419819 0.048133966 -0.4716194 0.13644034 0.01614376 -0.15115836 0.17826216 -0.11939383 -0.30062896 0.27233505 -0.010697136 -0.032037433 0.1453959 -0.1923127 -0.068366274
0.084839523 0.0010994989 0.0082316166 -0.025262829 0.069716945 -0.046516731 -0.058440816 0.064297795 -0.042916127 -0.019884363 -0.031251937 -0.033681046 0.024832575 0.0023407487 0.0074936268 -0.082775861 -0.022406014 -0.11859959 -0.017499857 -0.0808542 -0.026954198 -0.081726573 0.004251665 0.041413143 -0.14016779 0.073717415 -0.096054822 -0.015186304 -0.013173524 -0.082596011 -0.069507323 0.021754365 0.011098417 -0.055881992 -0.10052976 -0.0071500377 -0.026905548 -0.07211253 -0.087685481 -0.0026892538 -0.01481939 -0.011245274 0.033721276 0.039880898 -0.072776414 -0.024497796 -0.11323996 -0.067867778 -0.065143436 -0.10065398 0.037929207 0.0047953851 0.025406586 0.00021835469 -0.08613836 0.095414512 -0.1388109 -0.013921294 0.061484195 -0.067558199 0.062514842 -0.010904071 -0.083418123 0.013538797 -0.057502706 -0.12332294 -0.079331219 -0.1059187 -0.0034920122 -0.11242507 -0.075785995 -0.046124917 -0.0061185816 -0.085252739 0.047096182 0.066930294 0.019797569 0.0058827191 -0.012708372 -0.094721079 -0.08645267 -0.10702685 -0.043648455 0.039549958 -0.088969402 0.008632049 0.0044783037 -0.012427622 0.022746798 -0.092392027 -0.035866994 -0.078147247 0.067050435 0.060724009 -0.040496007 0.014887804 -0.063481279 -0.10242669 -0.080039576 0.087349236 0.088347465 0.048268806 -0.1357429 -0.024434971 -0.011060254 -0.060704488 -0.092853554 -0.0076322327 -0.094745651 -9.5956777e-05 -0.084791996 -0.10803664 -0.050309055 0.057659376 -0.088972032 0.02761133 -0.014073463 -0.024361895 -0.10812327 0.012554934 3.3501663e-05 -0.0071851201 -0.058094967 -0.086077332 0.017821733 -0.084885359 0.022254538 0.061313991
0.00037028347 -0.065854467 0.029357387 -0.016084012 -0.020190598 -0.05873083 -0.036521249 0.073736504 -0.011535378 0.03851828 -0.089426801 -0.031312246 0.073356353 0.027026096 -0.078113183 0.0051639746 -0.048091739 -0.075899743 -0.094867796 -0.0065593095 -0.095760316 0.00013579095 -0.024121571 0.081642315 -0.047366168 0.049975619 -0.041891191 0.017592173 -0.077876464 -0.032306299 -0.075030021 0.01852628 -0.021675268 -0.024229517 -0.019468082 0.015108175 -0.075086445 0.015249425 -0.045016892 0.048668288 -0.029947685 -0.064869434 0.013691928 -0.028551249 -0.060794186 -0.064492039 0.042375639 -0.09871994 -0.080004618 0.065694697 0.072811656 -0.031165469 0.0045150025 0.0090823025 -0.079279542 0.0077383076 -0.021344692 -0.060827941 0.062719546 -0.055594191 -0.054690257 -0.019279461 -0.0085038422 0.030568745 -0.040296853 -0.020657873 0.026757432 -0.037480872 -0.0048984345 0.048707742 0.013663264 0.051713999 -0.11519283 -0.079768114 -0.070293121 0.059419803 -0.10436624 -0.05015032 0.036390085 -0.019379135 0.0057213167 0.010137461 -0.026072534 0.018036555 -0.026035696 -0.058522984 -0.062732525 -0.045623403 -0.04158422 0.024452476 -0.015920958 -0.084966503 -0.040413357 0.058697436 -0.058753069 -0.10624419 -0.091036461 -0.080465049 -0.047402918 0.029149922 -0.03773449 -0.092496805 -0.11124112 0.012523198 -0.09007486 -0.060537953 -0.00032933857 0.016921109 -0.075473025 -0.083929002 0.01156343 0.026393676 -0.022583457 -0.06983532 -0.098262481 -0.029133311 0.0027384381 -0.071414627 0.03118738 -0.051003583 -0.1203425 -0.049149252 -0.09186013 -0.09066312 -0.078792684 -0.038240828 0.033934876 -0.073212773
0.2966859 0.14893746 0.16478477 0.039130509 0.050481401 -0.17182222 0.19734567 -0.056417841 -0.019678934 0.065366626 0.090291634 0.070753753 0.01530233 0.071917854 0.13639463 -0.023661638 0.35339612 0.24903837 0.028384201 -0.056318752 -0.080480568 -0.29150972 -0.01559249 0.017213602 0.21506111 0.40866721 -0.17264327 -0.075177394 -0.18854395 0.35068697 -0.24917422 0.0040534809 0.023436565 0.26399332 0.017132528 -0.043684211 0.009635713 0.1382809 -0.0014456436 -0.20397361 -0.1241185 -0.047572367 0.036198247 -0.19288766 0.056855854 0.15354297 0.062748462 -0.14686397 -0.0064568282 -0.11544538 0.097878374 0.29992875 0.070500381 0.1474351 0.10766767 0.10061342 -0.17564049 0.069253013 0.230463 -0.0065300446 0.092190817 0.026739188 0.31813493 -0.21082063 -0.086163975 0.27964118 -0.33718646 -0.23770674 0.21152715 -0.074323222 -0.0012601367 0.1128827 0.040928483 -0.0088547878 -0.068191625 -0.17962328 0.15900679 -0.25325751 -0.057661347 -0.18913682 0.030228138 -0.32855925 0.065513611 -0.073570676 0.036961883 -0.2160266 -0.10406405 0.05257643 -0.13694698 -0.14193879 0.31530347 0.17985389 0.12955146 0.21827251 -0.014945769 0.044646438 -0.24729858 0.13190793 -0.14325222 0.31475961 0.018382382 0.17894241 0.040007345 -0.11689654 0.17762052 -0.21083613 0.18235841 0.023383001 -0.050878759 0.3225638 -0.15718088 -0.050168347 0.21855289 0.099758267 -0.05102478 0.20210846 -0.06312415 0.13812906 0.15581131 -0.185939 0.13516706 0.2301074 0.2021402 -0.25760865 -0.038133543 -0.37927693 -0.09265212 0.13263337
0.24985097 0.12527628 0.23259045 0.21742609 0.052300096 -0.14885686 -0.41581085 0.047543176 0.030383024 -0.14530982 0.1823234 -0.10893025 -0.057785522 0.16576801 0.044427574 -0.26116282 0.29635936 0.12497802 0.05113681 -0.045927078 -0.082544506 0.21445589 0.094603457 -0.077326365 0.23534402 -0.13549973 0.026278555 0.14040922 -0.11335774 0.21965329 0.012860533 -0.030528022 0.15879479 -0.039702628 -0.13666245 -0.12548643 0.044257682 -0.1305723 -0.022518761 -0.027309528 0.19998965 -0.016611785 0.094978265 0.034354515 0.032406151 -0.0075937146 -0.050734349 0.13322276 -0.09574756 0.11267073 0.11624572 0.065605283 -0.0004391018 0.10346799 0.14911886 -0.49198335 -0.058494706 0.09434551 0.25094745 -0.19276345 0.21083535 -0.20639785 0.18848582 0.17032064 -0.036794048 -0.1985901 0.021100761 -0.052562986 0.17130105 0.14260325 0.049536929 -0.26266608 0.078223146 0.13971482 0.069052145 0.034532521 -0.15811807 0.085355386 -0.013128677 -0.091148429 -0.0075713787 0.048222542 0.14869745 -0.07413356 -0.028283324 0.047304917 0.22752471 -0.067367069 0.088397138 0.072217941 -0.22016622 -0.12523755 0.046478167 0.15575564 0.073511228 0.097305395 0.009265298 -0.042206891 -0.076317638 -0.20219238 -0.18220745 0.042237408 0.033878565 0.15751955 -0.16065958 0.078392245 0.26246578 0.11840418 0.12002934 -0.26677313 -0.2141414 -0.089471988 -0.36859691 0.10176053 0.064409815 0.12560442 -0.20634863 0.054559547 -0.37186903 -0.39215845 0.1754618 0.16267076 -0.11179554 0.22057016 0.34662107 0.10083628 0.32471755 -0.084179617
0.39640597 -0.065311641 0.12043199 0.0591047 0.16276793 -0.024219997 -0.018442003 0.0052280333 0.26446906 0.19859751 -0.60184324 0.091033697 -0.073777765 -0.041651987 -0.40082601 0.2557331 0.19235812 0.31487289 -0.18605512 0.098039567 -0.058006976 -0.075307854 0.16528937 -0.068704814 -0.11170249 0.1417101 -0.22247177 -0.23017085 0.057089329 0.14028142 0.026276391 0.010237793 0.075571835 -0.096774712 0.14646189 0.022450292 0.18906479 0.27940753 -0.19502683 -0.085565574 -0.29071525 0.057578832 0.02606985 0.15680717 -0.0047329501 0.12279814 -0.036488425 -0.16029428 0.0012047609 -0.12330497 0.069790989 -0.29812548 0.11711743 0.23329622 0.10430697 -0.0016111046 -0.10568322 0.1982377 0.22616896 -0.025947573 0.073527604 -0.19763862 -0.14075091 -0.091123149 0.13040522 0.15489142 -0.11296956 0.077660762 0.045108244 -0.02031916 -0.0057534906 0.0098496769 -0.11423019 0.1263651 0.031166065 0.1887974 0.18367933 -0.38756019 0.12415414 -0.073742934 -0.34792569 -0.21967104 0.084711522 0.0052348091 0.032167979 -0.033869982 -0.41864559 0.0026081577 0.030367905 -0.46704352 0.13782501 0.033092726 -0.020993164 0.18755227 -0.052160084 0.067179121 -0.021156395 0.072162755 -0.27246067 0.30810097 0.082232744 -0.15179344 -0.22638761 -0.057074942 0.10846211 0.043219201 0.24811888 0.041368581 0.07032977 0.3529546 0.11471782 0.11271039 -0.32052937 0.036599029 0.22532238 0.19985536 0.087580614 -0.013099888 -0.083551824 -0.069674708 -0.02992815 0.16830109 0.20826013 -0.31370145 -0.022293735 0.01277901 0.014595593 0.089533746
-0.13026683 0.061632324 -0.19152923 0.048177563 0.15790969 0.084917895 -0.042949852 -0.076435097 -0.033744406 0.012719804 0.26496175 0.031680811 -0.045963686 0.078141324 0.35819706 0.20576423 0.14718096 -0.15150434 0.0088576749 -0.078901336 -0.054666545 -0.024993235 -0.14880434 -0.084374063 0.21199051 -0.39212951 0.030948354 0.12949239 -0.26023197 0.050892014 -0.13452893 0.090041399 0.053448822 0.24059302 0.0079165343 -9.7768379e-06 0.0087888204 -0.10063626 0.043360069 0.045907967 -0.20127951 0.064649932 0.1014445 -0.093847737 0.061943475 -0.02053711 0.13023353 -0.044532411 0.029840311 -0.14924778 0.048115294 -0.066971175 0.062989652 -0.033118017 -0.042106725 -0.13888024 -0.048761133 0.1048635 -0.1733862 -0.051571976 -0.1072457 0.19631091 0.13851069 -0.057941198 0.074657239 0.049380757 0.12856917 -0.051962584 0.081542373 -0.0036684885 0.094220214 0.12749396 0.24149606 0.034873184 0.094811141 0.026338026 -0.20514205 -0.027365098 -0.12288399 0.073414132 -0.34085938 -0.024643715 -0.1490944 -0.050027076 -0.0087797586 -0.12300858 0.11510919 0.18004386 0.02051797 0.017431365 -0.22750761 0.081554934 -0.11590857 -0.20954484 0.071884222 0.035834827 0.066736415 0.060775917 0.18387817 0.19559354 0.015233121 0.051825922 0.11109067 -0.026338683 -0.21024555 -0.056550514 -0.026101088 -0.0099811144 -0.040459782 -0.052659746 0.019573133 -0.053372815 0.26275131 0.10366113 -0.0016120513 0.027663836 -0.24213855 0.00043416393 0.1523449 -0.043739773 -0.08246658 0.26255208 0.099217437 0.087366693 -0.0049138856 0.012328655 0.0094742393 -0.10072589
0.16987452 -0.096500061 -0.061992504 -0.011530941 0.082118325 0.096108802 0.056874011 0.011584429 0.053566258 0.072734714 -0.092840008 -0.14506546 0.0097757839 -0.17737901 -0.14754455 0.33371648 0.028923223 0.14822306 0.12051376 -0.0049607754 0.065928757 0.14559473 -0.030193347 -0.035878524 0.032973289 -0.21683452 0.084552988 0.027345268 -0.015643986 0.10013325 0.1075286 0.02407236 0.10865739 -0.21399011 0.21416213 -0.033125062 0.10002387 0.22398998 -0.15939206 -0.15983896 -0.36212718 0.059576929 0.079592712 0.0013697485 -0.096654437 0.0056776553 0.034426767 0.14676321 0.076307014 -0.025364241 0.075206377 0.05498727 0.092124969 0.21714462 0.081620604 -0.19821326 0.13927853 -0.14931074 0.26325914 -0.19122055 -0.10333298 -0.20048973 -0.10797734 0.094591148 0.069593377 0.0002080362 -0.01647279 0.12730262 0.025146211 0.032557126 0.088988267 -0.048188001 0.041987535 0.13471486 0.097813524 0.059287071 -0.17878591 -0.31507355 0.2007516 -0.029524341 -0.45126754 0.077924453 -0.30078393 -0.055118781 0.054925717 0.022880606 -0.31044933 -0.16628966 0.15003972 -0.20866042 -0.15186234 0.098436482 -0.0023912205 0.29570186 0.075127766 0.0089760022 0.10172512 0.16863692 0.21369147 0.15002523 -0.026959499 0.12639855 -0.099404685 -0.16213359 -0.32814208 -0.0056503834 0.094237857 -0.033929609 0.11531517 -0.061129387 0.20093971 -0.045462672 -0.29967815 -0.009870219 0.047488354 0.12509607 -0.062905669 0.058716893 -0.047757987 -0.19698268 -0.12797217 0.27370483 -0.014205507 -0.082651109 -0.037097659 -0.1275536 0.23605496 0.13871969
0.043207232 -0.056316771 0.34766474 0.0081442995 -0.057384264 0.15051939 0.25720352 0.017448289 -0.34439242 0.011415803 -0.07506042 -0.063484058 -0.010945621 -0.031806994 0.058302186 -0.1035911 0.29826921 0.37393874 0.032904387 0.034051307 0.11758652 0.024033992 -0.28175133 -0.081955209 0.025818843 0.25886464 0.004222739 0.039896987 -0.16775197 0.27349249 -0.33575004 0.002816702 -0.058171559 0.13794599 0.19948515 0.04847303 -0.27200809 0.27477184 -0.086571164 0.0074670869 -0.34952113 -0.043396693 -0.17866342 -0.17040746 0.020021087 0.031112876 0.16571879 -0.15958638 0.065309778 -0.050271753 -0.2054839 0.29253167 0.0084386645 0.22326434 -0.26065335 0.010345835 -0.17592211 0.083580904 0.26636827 0.21901841 0.192598 -0.326994 0.10790893 -0.37667915 -0.077865839 0.23476051 -0.13614887 0.22375602 -0.30771786 -0.20526244 -0.076381974 0.15346512 -0.068221286 -0.15165481 0.14813538 0.064876206 0.40152431 -0.13160574 0.20568281 -0.0099094417 0.22671703 -0.41867247 0.13185851 -0.23210303 0.089263618 -0.2341786 -0.1613587 0.011965228 0.11686921 -0.027342234 -0.005155853 0.022274796 0.39626947 0.25428319 0.13316204 0.03728174 0.016992075 -0.096490294 -0.066314399 0.29306045 -0.14335422 0.030521337 -0.10783865 0.024309911 0.41111088 -0.11729925 0.2218845 0.17725857 -0.15272616 0.034709774 0.21218471 -0.091430135 0.044618066 -0.14934699 -0.23038058 0.06798622 0.17099734 -0.055913653 0.24903598 -0.038706165 0.017879162 0.26854432 -0.14283767 -0.24972105 0.079709262 -0.10053281 -0.022731459 -0.2022908
-0.22672011 0.0022245685 -0.0092697218 -0.011390299 0.0011885747 -0.0062299739 -0.074425504 -0.056745477 -0.057664644 0.065821491 0.19578393 -0.23148987 0.025311425 0.21091002 -0.050972592 0.24262223 -0.111981 0.038554002 0.23876217 0.019401379 0.14304861 0.064333394 0.08377786 0.053843409 0.1893708 0.1406085 0.22416005 0.16314185 0.1632016 -0.014945132 -0.043790959 0.019750159 0.11947006 -0.22332987 0.076309018 0.12621178 0.13483749 -0.15300274 0.14915349 0.14439386 -0.048802651 -0.016466238 0.11845136 -0.0016122927 0.089138523 -0.0035942143 0.082733475 0.010827203 0.022757422 0.11286467 0.13457879 -0.022794247 -0.076536343 -0.043266594 0.10882874 0.015621493 0.14174378 0.024440212 0.065233834 -0.22951849 -0.05488551 -0.17382604 -0.13598108 0.11986434 0.050099734 -0.13426679 0.085801497 0.027706293 0.14012589 0.10843249 0.054327931 0.092784457 0.42123163 0.036742795 -0.07535626 -0.18107142 -0.57612103 -0.016217533 0.066104777 0.035384957 -0.20526563 0.16254289 -0.24863163 0.194351 0.12242772 0.0024905161 0.14683405 0.062001206 0.076068424 0.034677308 -0.00029946462 -0.0041352967 0.004716699 0.039868563 -0.063361324 -0.011855254 0.13497888 -0.018133605 0.16099943 -0.088619687 -0.21315002 0.039345205 0.012326979 -0.073599741 -0.40153724 0.031796742 -0.068087474 -0.041550692 0.14151527 -0.14901292 0.1421027 0.053113159 -0.12719561 0.18348256 0.05207577 -0.17826678 -0.077897124 0.0022959446 -0.28930956 -0.028419228 -0.23909837 -0.077196434 0.036914632 0.18758593 -0.0096112574 0.086513884 0.16990761 -0.091082148
-0.079978086 0.095638357 -0.053213518 0.082650751 -0.075642273 0.10240334 0.024146093 -0.066996515 -0.1192177 0.11179164 -0.057207275 -0.26228195 -0.05402033 0.081251949 -0.020324282 0.29958326 -0.12809293 0.080214061 0.05506102 0.0034613477 0.17079918 -0.072119698 -0.045387935 0.073562615 0.1203869 0.11956947 0.13225237 0.10176886 -0.015732324 0.037808403 -0.0025751013 -0.073993213 0.14374466 0.17131317 0.22489879 -0.021738069 0.058646962 0.27547637 0.0094235968 0.091661036 -0.23448418 -0.0808025 -0.01215582 0.10830229 0.14114407 0.10581717 0.35325369 -0.019302089 0.069220938 0.05363128 0.058157861 -0.0035355156 0.10612483 -0.076455653 0.037902594 0.10001413 0.11408845 -0.064111643 -0.07609944 -0.12633725 -0.31522322 -0.20135413 0.0054010781 0.03975866 -0.033096414 0.39238945 -0.017313577 0.041239064 0.11935212 -0.066712156 0.12657462 0.16307066 0.40764678 0.18282409 0.028335728 0.01190848 -0.28940794 -0.058060825 0.17544019 -0.1368081 -0.21557336 0.030746222 -0.3157492 -0.054925978 0.15629293 -0.044420525 -0.22035871 0.16052751 -0.022680819 -0.18542185 -0.091380715 -0.0061517349 0.014130712 0.060583614 -0.035572879 -0.057217445 -0.065983966 0.040290553 0.14462933 0.081005082 0.0036829633 0.098645896 -0.13872507 -0.10318123 -0.16651893 -0.060620859 -0.047603067 -0.11892953 0.0037969244 0.13770461 0.21666236 -0.036515415 -0.09708491 0.23138154 0.072034374 -0.10953031 -0.055813458 0.14857532 0.049674358 -0.02290039 -0.067941487 0.16191815 0.059095692 0.0078318221 0.01009659 -0.14557281 0.0065145846 -0.028751187
-0.41663283 -0.12926255 -0.080221415 0.025712077 0.03775426 0.039167024 -0.056848358 0.0014803738 0.14489138 0.01445566 0.65127712 0.17437005 -0.0077677639 -0.049720582 0.32951492 0.15370925 -0.10198844 -0.32413962 -0.0071444381 0.13687129 0.047576305 -0.059174314 -0.0022554428 0.042990871 0.0085348142 -0.21817829 0.14667585 0.11270434 -2.9573392e-05 -0.093966439 0.16352069 0.06651371 -0.092981771 -0.13860708 -0.039836217 0.14685188 -0.060149066 -0.11267071 0.10102541 0.1207187 0.11554466 -0.010402407 0.011991814 0.031831164 0.17423134 -0.094094366 0.070276715 0.026215157 0.1130533 -0.090245791 0.063732386 0.068644404 -0.085047834 -0.065603122 0.15709817 -0.18820666 0.11026911 -0.013800806 -0.27190158 -0.12837908 -0.061822265 0.27944154 -0.073117793 0.14889434 -0.047899436 -0.130401 0.23405498 0.24705912 -0.044920221 -0.062706895 -0.075314701 0.16489713 0.12814285 0.0051550493 -0.099160105 0.044916723 -0.12933482 0.084871359 -0.038340054 0.2115338 0.089829981 0.14824599 -0.2349868 0.028278211 -0.0078581665 0.033382695 0.0062138722 0.017748466 0.0059509017 0.061761901 0.011792291 0.12455828 0.13318078 -0.051970895 -0.03989765 0.1294753 0.09992189 0.1922953 0.16885389 -0.047778919 0.076993234 0.030645993 0.17805204 -0.25950319 -0.1539547 0.075758584 -0.17205557 -0.13848156 0.12470934 -0.31819764 0.069401935 0.16817941 0.39438936 -0.21245503 0.055141229 0.011396801 0.10580292 0.12112861 0.19185469 0.014105654 0.029199718 0.054987554 0.034285657 0.21263026 -0.17758621 -0.067004114 -0.19572873 0.12125015
-0.4105272 0.059252661 -0.18850967 0.088139743 0.13467602 0.043492571 -0.18767425 -0.023069914 0.040995263 0.08035741 0.14825657 -0.15773246 0.034630593 0.13235104 0.46057886 -0.085505381 0.12695304 0.020273507 0.033012751 0.045524608 0.032484662 0.29649907 0.066138551 -0.057003025 0.16318949 -0.44291577 0.36102664 0.27627343 -0.0024635894 0.016478205 0.069097809 -0.1084018 0.14212357 0.06544897 -0.051157843 0.0080312314 0.069850221 -0.024965664 0.096064597 0.17686956 -0.074196294 -0.042185448 0.022505516 0.11893402 0.14017354 0.016498653 -0.030182265 0.020900117 -0.040235344 -0.014319809 0.13269803 -0.049818974 -0.032108378 -0.054263853 0.1666491 -0.36954206 0.21284813 -0.0047092759 -0.17980796 -0.10725508 0.0073589711 0.04622183 0.17268415 0.27343622 -0.11175797 -0.19433755 0.14437856 0.093583301 -0.0028156603 0.095755145 0.21379316 -0.13098538 0.20581466 -0.017931422 -0.033525996 -0.0060631363 -0.36010799 -0.10401437 0.090001985 0.20162055 -0.32554346 0.25331712 -0.2803984 0.0015403634 0.021713052 0.081474461 0.2703585 -0.078843616 -0.03475567 0.23716637 -0.45456231 -0.038942028 -0.08598084 -0.27701557 0.05910274 0.042673349 0.1177372 -0.012548113 0.1497083 -0.10285629 -0.16403483 0.18549377 0.29589435 -0.19716282 -0.23422663 0.13134353 -0.10636818 -0.05340039 0.15671158 -0.40374872 0.060839429 -0.093483783 0.12525435 -0.099691443 -0.11081194 0.072116524 -0.18218631 0.14506578 0.10003559 0.10109991 0.025632003 0.18320251 -0.23937252 0.30201018 0.006034201 0.15630753 0.26194263 -0.11102978
0.11557364 -0.1846783 0.071152858 0.14647029 0.17217486 0.094297886 -0.10592017 0.086271584 0.069357201 0.11792067 -0.083119243 0.3957969 0.014314787 -0.0071388241 -0.14373286 -0.067965642 0.093194716 0.072353661 -0.26644906 0.033676539 0.11040042 0.040185966 0.021760428 0.052200388 0.1557512 -0.60600722 0.069137074 0.11747899 -0.25260943 0.069680616 -0.054863129 0.18548943 0.076243483 0.30286327 0.15445937 -0.032154221 0.00031140423 0.029260684 -0.23056108 -0.0096495645 -0.099278286 -0.010005402 0.024209442 -0.023156725 0.10438914 0.034302868 0.064275213 -0.1217438 0.13933069 -0.19240178 0.012745464 -0.12095471 0.14060521 0.059200455 0.065324649 -0.47470716 -0.12242232 0.075984672 0.27451441 0.053500336 0.036992233 -0.002664977 -0.049910594 0.030039255 0.2964035 0.0067577427 -0.0098274546 0.17383151 -0.05000015 -0.017946092 0.11506941 0.083827041 -0.2019088 -0.021602761 0.16891874 -0.039506208 -0.069517918 -0.15952535 0.10504939 0.2298276 -0.25648257 -0.15089244 0.084028333 -0.12002292 0.078992702 -0.013580438 0.026980085 0.085251987 0.12835462 -0.12477439 -0.29411399 -0.11651075 0.0071106181 -0.042524643 0.18193968 0.18281735 0.10166088 0.11360236 -0.10909139 0.16148867 0.19979404 0.14127289 -0.0024669769 -0.16229831 0.097807184 0.18748879 0.012956162 0.12557797 -0.048607774 0.032477535 0.12243892 0.12172793 0.10512618 -0.23807713 0.1065513 0.11938413 0.044993404 0.023661993 0.12506591 0.11125373 0.25697011 0.053212158 -0.040661801 0.029736117 0.0026268188 0.24061312 0.059745952 -0.076395944
0.13513447 0.26296005 0.0081494302 -0.13353658 -0.067951441 0.045447964 -0.099029779 -0.089636721 0.089509256 0.043778554 -0.14432073 0.024840053 0.045104474 0.020237384 -0.062274229 -0.30772939 -0.16094832 -0.018980987 -0.33852008 0.021236587 0.01872609 0.16526718 -0.066355586 -0.053121869 -0.1001076 0.2910656 0.061603028 -0.15006819 0.19670367 -0.034126889 0.049040198 0.068481229 0.1500994 0.038144212 0.027734105 0.09274628 -0.039071769 -0.255202 0.19387804 0.066236287 0.18934987 -0.060234029 -0.039545957 0.11127137 -0.086135812 0.0084556257 -0.052135561 0.088603891 0.084426232 0.18482718 -0.0071797427 -0.24106129 0.10354566 -0.30070114 0.036336802 0.27679434 0.12733108 -0.017203802 0.12462692 0.011305322 -0.041331418 0.015424876 -0.22498602 0.024967024 0.1177645 -0.065500401 0.1128359 -0.12329301 -0.0051144911 -0.040262647 -0.057680905 -0.075316839 -0.057584867 0.026572281 0.080617629 -0.0064929682 0.1490882 0.19306852 -0.034749918 -0.15401207 0.096355654 0.12531123 -0.043962415 0.20536251 0.11387363 0.11456239 0.13116692 0.053932965 0.013490862 0.10837578 0.00040498626 -0.052870933 -0.16544753 0.0020707587 -0.065255515 -0.0014336761 -0.046656195 -0.095857546 -0.078946151 -0.14989169 0.01938948 -0.1523502 -0.1363363 0.26303229 0.1956827 0.10993766 0.25727171 0.036904022 0.084442303 -0.010031315 -0.19064033 -0.10047605 -0.41814619 0.12682799 0.11912624 -0.13969739 0.12229838 -0.049236365 -0.046100371 0.20296039 0.026688971 -0.45097873 -0.2083856 -0.038734347 0.057318605 0.2795997 0.17461737 0.066115402
0.47395715 0.057272214 0.27495119 0.26512429 0.037835337 -0.1326412 -0.050336979 0.030181132 0.062784813 0.17423373 0.079270788 -0.16228056 -0.0045267828 0.16140674 -0.080760621 0.10127755 0.57636267 0.47224963 0.01325945 -0.016686268 -0.074267983 -0.035647616 0.064514816 0.037742566 0.054274019 0.038346399 0.020942565 0.055815242 -0.0078523336 0.20583606 0.18961754 0.0074830758 0.18140931 0.017923752 -0.0015736041 0.047010884 0.24794018 -0.044036139 -0.16880682 -0.33227152 -0.06767758 -0.0026971435 -0.25448135 0.023654401 -0.04184318 0.094597422 0.01181551 0.11161665 -0.089441136 0.081849016 0.12094844 0.090345182 0.14459629 0.43676457 0.079988949 -0.22518249 -0.01490396 0.10984063 0.33055285 -0.18881962 0.1058635 -0.093779512 0.32205769 0.086330771 -0.063154496 -0.21370243 -0.14644265 -0.21927977 0.15205047 0.2101595 0.060904365 -0.13784981 0.20517695 0.1538007 -0.082775451 0.12192386 -0.1379945 -0.13525769 0.22009607 -0.21120141 -0.13609539 0.055607848 0.0077134967 -0.0054239165 0.12028207 0.15210433 -0.057723839 0.14688329 -0.055785052 -0.069408953 -0.11006484 0.018878572 -0.066227674 0.29820499 0.01404866 0.086502448 -0.011654138 0.097665437 0.1088037 0.2165563 -0.052963145 0.16568156 -0.0031412805 0.036889337 -0.30858579 -0.10555053 0.12685889 0.074544236 0.018479787 0.093085036 -0.14809062 0.041173272 -0.1654824 0.27177045 0.14502947 0.25501534 -0.031305812 -0.019419266 -0.097407147 -0.37945294 0.21286507 0.33257413 -0.16502221 0.0048347665 0.090999387 -0.082322888 0.32075551 -0.048343986
-0.11794978 0.0056704003 -0.46209577 -0.14265071 0.22773752 -0.0057137045 -0.19246697 -0.083116524 0.13472219 -0.10100637 -0.26267961 0.071094662 -0.024508325 0.1350089 -0.054067295 0.25870427 -0.22402005 -0.18701325 -0.22061457 0.087235801 -0.018889491 0.13146245 0.1213932 -0.026307087 0.21226044 -0.30951443 -0.10856795 -0.10321979 -0.19028477 0.15223393 -0.072176911 0.026541723 0.066038549 0.15923716 0.061664116 0.046850838 0.010876624 0.05659679 -0.043541998 0.037899785 -0.24577782 0.0035073955 0.20432431 0.029895794 0.094585799 0.043681961 -0.13008603 -0.037491634 0.045713134 -0.11850176 0.057828419 -0.18514343 0.16703144 0.12869187 0.19470625 -0.16754048 0.054799981 0.27236059 0.34610763 -0.26222396 0.016818872 -0.27899638 -0.321004 0.11373818 0.12556186 0.017789815 0.058432091 0.12184755 0.10759194 -0.11417969 -0.10584055 -0.042841882 -0.039889924 0.083602533 0.075762466 -0.087568969 -0.18174726 -0.20371962 -0.16932271 -0.091138572 -0.38490391 -0.04428992 -0.058755342 -0.033842698 -0.04396211 -0.14408801 -0.3040095 -0.12846051 0.1191606 -0.16775437 0.062772192 -0.08630047 -0.0074075698 -0.1559246 0.17479807 0.14188172 0.092552014 0.13830599 -0.080720179 0.21997641 0.17494179 0.093412206 -0.013232535 -0.26934555 -0.36300334 -0.022845455 0.28070432 0.20588914 0.093435258 0.090098307 0.021665689 0.12745179 -0.12196204 -0.45521039 0.16860795 0.033798441 -0.1867511 -0.0037123603 -0.0089320224 -0.026593423 -0.029701674 0.1300661 0.43204239 -0.041765109 0.078839086 0.1746652 0.092524469 0.084717266
-0.11775605 0.15825142 0.22244872 0.03394334 0.10619784 0.099344715 0.028550159 -0.030768063 -0.074137382 0.069319978 0.27830812 -0.017609159 -0.080041125 0.044067778 -0.060559191 -0.31480548 0.19096304 0.16212492 -0.085217685 -0.026341721 -0.0019831709 0.07516095 -0.081838749 0.049225584 -0.025086632 -0.25102013 0.11719666 -0.13843136 0.2385083 -0.010513102 -0.073586188 -0.0093100648 -0.0082598682 -0.123703 -0.032828443 0.065959334 -0.06245628 -0.10063649 0.07644289 0.057895884 0.13417806 0.085227095 -0.07341893 -0.050215099 0.082012422 -0.096565887 -0.045072287 0.017531136 -0.021505356 0.1757526 0.021474818 -0.0028566914 0.13364229 -0.17093088 -0.1515063 0.37879625 0.14846595 -0.020323485 0.08298552 0.49236014 0.028473113 0.0051881061 0.12202429 -0.029257638 0.22312784 -0.12893552 0.03769701 0.10108007 -0.062896118 0.090197563 0.20646407 -0.11147244 -0.15119958 0.049018227 0.14068152 -0.039282832 0.16521963 0.34219787 0.16943154 -0.008524891 0.28946912 0.092465527 0.091399178 0.19897008 0.11250592 0.14373504 0.08072266 -0.15276024 0.13095194 0.4388417 0.096224077 0.14844234 -0.061283004 0.050765868 0.18517046 -0.073933959 0.13986143 0.024284136 -0.14371568 -0.26625797 -0.087377675 -0.043723077 -0.16186866 0.20837949 -0.00089890597 0.23077382 0.067380898 -0.076883152 -0.015285566 0.030540023 -0.083454028 0.071698643 -0.30532122 0.088570356 -0.00049483217 0.064615749 0.17332573 -0.14265504 -0.091287494 -0.11069712 -0.1655353 -0.51047111 -0.40022382 0.012499437 0.22367598 0.25215271 -0.098319337 -0.020727079
-0.025120988 -0.0037472844 0.028618544 0.027003918 0.057078086 0.041236177 -0.084292553 0.033197116 0.019857958 -0.13483752 -0.021500383 -0.044449773 0.0059580687 -0.060149845 -0.073635049 -0.04537781 -0.0027813669 -0.092438646 -0.012800008 -0.075918265 -0.039833326 0.010442281 -0.062362932 0.045788791 -0.079459056 -0.069747955 -0.12912588 -0.02589301 0.029892182 -0.0018034291 0.024128484 -0.092076257 -0.021010881 0.085158758 -0.098012783 0.086537831 -0.026045067 0.019721342 -0.01712255 -0.047605608 -0.017763536 -0.090214707 -0.081248663 -0.012079215 -0.071895167 0.042776816 -0.048052933 0.0046091876 0.054617487 0.067982286 -0.022616884 0.019872406 -0.020398935 -0.11156001 -0.11408851 -0.045093387 -0.061963961 0.058075339 0.081926361 -0.01432229 -0.039149374 0.015616922 -0.11638379 -0.087175496 -0.0713562 -0.027679628 -0.06016282 0.058892373 -0.078765348 -0.10116085 -0.02682659 -0.082069166 0.029974086 -0.13594024 0.099716194 -0.04355628 0.041095164 -0.041081224 -0.13844012 -0.026189363 -0.12194061 -0.063595094 -0.092309162 0.095969088 -0.061923992 -0.047818016 0.049349334 -0.069301404 -0.059737831 -0.014173053 0.034108803 -0.025236201 -0.042856731 0.032963444 -0.074173555 -0.063890807 -0.086495973 -0.0026110546 0.05107177 0.056957342 -0.12502056 -0.088652082 -0.047852494 0.014220739 0.02167272 -0.084292859 0.02709928 0.04971474 1.3239891e-05 -0.02143338 -0.090750426 -0.070870817 0.081396826 0.0034747028 -0.034638613 0.0073440974 0.043384124 -0.08570502 0.048607349 -0.024116915 -0.073969692 0.059375707 -0.027247079 -0.065688789 -0.11351927 0.031873029 -0.03038463 0.027584391
0.033457935 0.035476837 0.16767666 -0.066848956 0.081426129 0.11932921 0.1123637 0.049998462 -0.053584732 -0.0047982209 -0.0699175 0.29384032 0.034814786 0.098745987 -0.10815971 -0.19254276 0.40849721 0.28349176 -0.18877459 -0.026247764 0.04461496 -0.078693517 -0.071529686 0.062268604 -0.044052035 0.11280274 0.026546618 0.058258433 -0.043580931 0.057724468 -0.087931491 0.11394386 -0.036778547 0.24783622 0.10068715 -0.12887485 -0.099321827 -0.028462574 0.065750159 -0.037106842 -0.25541514 -0.025808048 -0.11062179 -0.13450569 0.036575802 0.072756864 0.080203243 -0.3203024 0.098925479 -0.048934892 -0.071936347 0.15527566 0.028649706 0.14050706 -0.14448334 0.41387796 -0.0040643206 0.015661681 -0.033990707 0.43042669 0.070795454 0.012815456 0.13183604 -0.087384984 0.14166376 0.2201813 -0.17143993 0.18072966 -0.22735056 -0.12133114 0.076003686 0.096251845 -0.24640071 0.053873133 0.0057932511 0.059267968 0.37441006 0.086615548 0.17069872 0.15276375 0.24953601 -0.16258527 0.10591193 -0.069689825 -0.038306855 -0.046463262 0.12226568 -0.19110365 0.094265066 0.23816018 -0.015576887 -0.13712153 -0.054849815 -0.096997246 0.17919759 -0.029638898 0.1877825 -0.030431403 -0.15220481 0.22984479 0.028616916 0.18797404 -0.061587214 0.066335544 0.36521244 0.20806713 0.05145058 -0.03210884 0.033321813 0.11333582 0.083369471 0.068232186 0.21772216 0.047874119 -0.036605965 0.034280103 0.20164806 -0.13210776 0.22619541 0.065357812 0.076120138 -0.1310793 -0.09828648 -0.19316402 0.18064053 0.070011251 -0.056009945 -0.15429448
0.377152 -0.0034580498 -0.001576809 0.14927159 0.1112048 -0.053177606 -0.21864665 0.0038325351 0.15494259 0.090331532 -0.197989 0.12354976 -0.001253399 0.098619431 -0.054856878 -0.086745247 0.15880807 0.18522449 -0.16737948 0.08751902 -0.0068772393 -0.029639835 0.018074965 0.014481954 0.060372684 -0.26844665 -0.094547369 0.14109397 -0.085524082 0.17572604 0.14444344 0.070734106 0.11715554 -0.063870549 -0.13472497 -0.070581324 0.055579234 -0.13867137 -0.19228356 -0.073837563 0.18184999 -0.063626781 -0.074785128 0.22146341 -0.15815072 0.097769238 -0.27198437 0.066987403 -0.063994855 0.0096203005 0.10395303 0.099284708 0.051155616 0.19787459 0.18264386 -0.53511572 -0.20473802 0.2364255 0.221542 -0.34655619 0.20044273 -0.028237689 -0.10357647 0.16187547 0.0108093 -0.2415231 0.23020832 -0.17392203 0.099220864 0.21649002 -0.13056366 -0.064747579 0.018294243 0.12873942 0.08282733 0.042058889 -0.026242325 -0.078887895 -0.014248364 -0.0943707 0.064902514 0.16201827 0.073421389 -0.10112783 0.085966803 0.08388783 0.1678887 0.12763649 0.026584489 -0.034297559 0.01998092 -0.13971165 -0.070234165 0.2720266 -0.005563857 -0.010070757 0.14316291 -0.086161233 -0.17626908 -0.041443478 0.041397724 -0.17184927 0.048425373 0.099952854 -0.0007627437 -0.060860343 0.2244094 0.24113582 0.049191721 -0.039904814 -0.16292547 -0.0071599814 -0.27809343 -0.032042842 0.0036855408 0.068989098 0.030599656 0.13189903 -0.15721637 -0.055868093 0.33031654 0.21441935 -0.029206835 0.10776176 0.14673169 0.17722404 0.33633259 0.038999997
0.16319396 0.032005437 0.3161442 0.15081252 -0.12131336 -0.20949686 0.23429653 0.037487548 -0.056378033 -0.087239698 -0.12726572 0.023809157 0.070967883 0.16120069 0.19363582 -0.17944026 0.31732032 0.1610513 0.21273002 -0.16033933 -0.10772127 -0.040785942 0.14305432 0.039159656 -0.086258993 0.48394403 -0.092074856 0.15843365 0.10549237 0.20804641 -0.070830628 -0.22513534 -0.085080519 -0.081359506 -0.099251933 -0.21200901 0.092970282 -0.088167436 0.10557871 0.031302623 0.040633153 -0.022789253 -0.066224024 0.072163738 -0.058692049 -0.069388211 -0.080473632 -0.001613279 -0.042906828 -0.075748481 -0.054185115 0.37531278 0.1496664 -0.016036203 -0.036128841 -0.10069811 0.090308569 -0.02378664 -0.057882078 -0.17076248 0.1815275 0.09989962 0.52127677 0.0048755985 -0.25361365 0.010223091 -0.1740009 -0.17433308 0.3082563 0.18439752 0.133653 -0.093266293 -0.11294223 0.056221526 0.057384323 -0.0014551856 0.38228717 -0.10668977 -0.04294366 -0.13818692 0.34591568 -0.025757251 0.30777213 0.15942737 -0.12861003 -0.12212609 -0.01999479 0.042032652 0.0054779397 0.17522059 0.26957044 -0.020271309 0.17180811 0.020665644 -0.060869817 -0.086595267 0.040346164 -0.062320109 0.092634752 0.10229219 0.091257818 0.21045481 0.077940717 0.19478123 0.071172655 0.018785235 0.10330282 0.024407605 -0.044068702 0.12274884 -0.15898708 -0.20088376 0.12009504 0.2114611 -0.00033283536 0.25816411 -0.14409864 0.12483252 0.18391545 -0.21336965 0.082050912 0.06274388 0.086981833 -0.050268941 0.33934149 0.026966898 0.14544281 0.17444806
-0.28172454 0.12405881 0.076528601 -0.0091735637 0.16826582 0.086132504 -0.068396948 -0.0074697705 0.11115927 0.12161321 0.54636198 0.057038318 -0.061001807 0.20213108 0.31450376 -0.11307738 0.086201183 -0.10554966 -0.12446115 -0.014673167 -0.088054016 -0.12946703 -0.086789541 0.047557972 0.25330052 0.068585776 0.12640944 0.082283333 -0.070446752 -0.0024273221 0.10353025 0.18110934 -0.021669252 0.40876877 -0.20632479 0.040975016 0.099836431 -0.29637229 0.082351878 0.15985766 0.223084 0.017860159 -0.045313824 -0.14627057 0.17298725 0.042979803 0.055974133 0.0516458 0.066589385 0.025306875 0.027226495 -0.25485766 -0.054187324 -0.18668059 -0.014205907 0.14496112 -0.16731547 0.21571416 0.093582183 0.070162006 0.074214227 0.30132085 -0.017316494 0.017625058 0.064913042 -0.077058733 0.23931639 -0.096065104 -0.0069879983 -0.12466847 -0.02286025 0.320025 0.27674419 0.044843312 -0.09180738 0.0030448025 -0.11255831 0.30835983 0.0018896112 0.15795843 0.27992633 -0.016855901 0.10763013 -0.029603953 0.0091597857 -0.068954989 0.38431883 0.13892968 0.07443361 0.087534703 0.074081853 0.07186088 0.034752659 -0.12146122 -0.11213443 0.14634345 0.12385977 0.085627295 -0.13239391 -0.27157643 -0.11150643 -0.15141642 0.077733792 -0.005868616 0.27569574 0.017885709 0.033525337 -0.13056815 -0.10975815 -0.13920583 -0.18224981 0.050208423 0.36529678 0.066390678 0.039516214 -0.058020201 0.039752644 0.10346092 -0.04432752 0.13827987 0.12803388 -0.18117391 -0.16402945 0.17272404 -0.0084691448 0.091949821 -0.13637339 -0.1751482
0.18474631 -0.10477865 0.013758595 0.13900721 -0.17631075 0.099435739 0.25836954 -0.0069640162 0.048327137 0.0097719468 0.11006372 -0.037854377 -0.056552902 -0.30394238 0.28076959 -0.190993 -0.032574449 -0.048663788 0.16317667 -0.0099984789 0.15278372 0.057201371 -0.077924348 -0.052086733 -0.15154353 -0.22216517 -0.084983915 -0.006723301 -0.12441972 -0.24280621 -0.089875758 -0.028028866 -0.086728968 -0.25612941 0.20293783 -0.046907548 0.062555119 0.24122196 0.26887894 -0.20545159 0.25299963 0.045146175 0.0060544726 0.067077309 -0.2290957 0.19099635 0.0053438805 0.16890019 -0.059712563 0.14518227 -0.12937737 0.32428741 0.18482441 0.12788671 -0.10160185 -0.25278676 0.23290752 -0.16450058 -0.35787669 -0.13891152 -0.08047805 0.38224161 0.28413129 0.14328161 -0.23007466 -0.038761228 -0.027360521 0.04707849 0.092664845 -0.016068665 0.091352738 -0.096155964 0.029746054 0.055022541 0.041527957 -0.075557224 -0.19171041 -0.13096292 0.041317262 0.04812647 -0.11932299 0.039132997 -0.014363445 0.11382172 0.081007287 0.091401093 -0.19588806 -0.12026469 -0.0013933568 0.17361024 -0.021210633 -0.019740969 -0.0031544294 0.35731363 0.038944107 -0.1040654 -0.020858128 0.089735419 0.2790418 0.011600155 0.14440919 0.16364102 -0.067838416 0.16893761 -0.054421451 -0.11047655 -0.31744701 0.17343821 0.043862723 0.033459779 0.0080654174 -0.13085045 0.46949604 0.055360965 -0.034623563 0.14490116 0.019405495 -0.074123874 0.38304642 0.023250304 0.030777978 0.28474331 -0.10662452 -0.11221804 -0.2988925 -0.047465183 0.088476717 0.1006998
-0.06406863 -0.039966907 0.023271974 -0.17826016 0.02753439 0.10257388 -0.0040604118 -0.040298998 -0.081733592 0.0958554 0.22826429 -0.13780868 0.041076202 0.10834606 -0.067625657 0.10058836 0.016807528 0.0054517752 0.10052392 0.035570629 0.22899565 0.25264603 -0.097398028 0.0035599486 0.24359711 0.0061639622 0.13803248 -0.0264105 0.19245777 0.033147756 -0.04957889 0.12043653 -0.045428433 0.11712341 0.30802473 -0.024900062 -0.027925191 0.13620633 0.060048461 0.14871141 -0.34459686 0.016383909 0.046312895 0.0086046904 0.22361267 0.11065281 0.20024788 -0.14673561 0.13208565 0.10434403 0.0091314111 -0.15576075 0.071790151 -0.12651773 -0.22396672 0.35092655 0.1364563 -0.00025245172 0.061067268 0.30630174 -0.0036934915 -0.28338403 0.14608262 -0.3098048 0.17810346 0.27163979 -0.17165735 0.21563476 -0.11783349 -0.029522296 0.15274866 0.26441023 -0.13123745 0.11509676 0.14286344 0.024062203 -0.13565253 -0.043884981 -0.0041260705 0.062572375 -0.42258361 -0.344051 0.067930385 0.15942411 0.077211939 0.041071095 -0.090060279 0.0070023807 0.13278507 -0.037987225 0.01491612 0.13500725 -0.050713144 -0.27672312 0.30860931 0.073428474 0.14150576 0.13395482 -0.018186495 0.21764581 -0.10493141 0.38049382 0.075540125 0.089013696 0.016134907 0.24249515 0.17642008 -0.011197767 0.018593362 0.13981535 0.14518724 0.098893777 -0.061576199 -0.12032086 -0.080965534 -0.097330667 -0.11820936 -0.16478373 0.0738056 0.034367468 -0.38756567 0.2254149 0.030898903 -0.081964388 0.25290722 0.03110761 -0.11431441 -0.10746789
-0.041969221 -0.086271279 0.028642789 0.22620039 -0.035921283 -0.11396167 -0.15102153 0.0032636623 -0.018175492 0.036992762 0.20203258 -0.033063695 -0.054721996 0.025617542 0.29375216 -0.051246066 0.14574075 -0.096465655 0.24309374 0.087880425 -0.027496785 0.22212423 0.18054076 0.011344154 -0.037722781 -0.00085587183 0.15372811 0.16928317 -0.074341975 0.10537786 0.078476354 0.022701705 -0.008799362 -0.34231091 -0.10436036 -0.094391637 -0.063759245 -0.10519638 0.0032427278 -0.033150595 0.34786355 0.0053654518 0.16923837 0.14443618 0.032961898 0.012097364 -0.093777597 0.18705408 0.072322637 0.078006707 0.11420479 0.35076129 -0.041580427 0.037627582 0.15280694 -0.39696491 0.10267576 0.082426444 0.14161347 -0.09885639 0.19098617 0.09300378 0.27629799 0.15617959 -0.087278441 -0.17510937 0.15909411 0.099756092 0.18593518 0.040733788 -0.0089775352 -0.22043782 -0.074714758 0.072309829 0.10616625 -0.063229404 -0.083311565 0.16318288 -0.093184002 0.063111767 0.14886527 0.26577204 0.12967719 -0.015468689 0.076532289 -0.048060734 0.10829764 -0.10868201 -0.039186392 0.20827875 -0.15573978 -0.078337416 0.16347356 0.040750749 0.075430177 -0.018018883 0.18648566 0.0026005728 -0.0094388155 -0.23335926 -0.056093249 0.11524195 0.28074512 0.076162182 -0.21224242 0.13367908 0.026610086 0.14787154 0.021799274 -0.16899006 -0.18290021 0.045893636 -0.037823249 -0.18151373 -0.046099123 0.046278439 -0.18460478 0.015548592 -0.15072456 -0.148826 0.14727189 0.11342984 -0.021651262 0.25237885 0.19526491 0.078709431 0.075874515 0.18274218
0.12728864 -0.085181043 0.25573927 0.2406043 -0.076278657 0.1638594 0.18260446 -0.046007242 0.030972127 -0.089688309 0.24786763 0.25371557 -0.08302176 -0.28097934 0.099817783 -0.25330025 0.48974568 0.14275186 0.0090716854 0.072543748 0.010346641 0.015940443 0.04808826 0.025771962 -0.13944244 -0.22003499 0.095635325 0.026727511 -0.22526343 -0.0084889373 0.081864074 0.11489075 -0.15892233 0.099394135 -0.034297351 0.040216114 -0.054995455 0.14404875 0.12218776 -0.13048632 0.091079473 -0.044050999 0.014792941 -0.024490668 0.045698427 0.035519332 -0.13777147 -0.043855537 0.031545471 -0.14604861 -0.01477011 0.32711715 0.031402793 0.19819377 -0.0009183354 -0.17781074 -0.14139159 -0.13186195 -0.18638335 0.25443572 0.25756928 0.38119599 0.40610823 0.066698499 -0.039383054 -0.072230347 -0.027925422 0.013437255 -0.018703762 0.15756018 0.2288505 -0.084951863 -0.23484087 -0.10090178 0.077823445 0.016974175 0.12179544 -0.026977297 0.09422788 0.012502251 -0.018698456 -0.046683505 0.19050716 -0.090433508 0.090610407 -0.12310106 0.049740419 -0.21149017 -0.034349848 0.27417925 -0.22432618 -0.10957916 0.16593482 0.019744478 0.05494117 0.018228369 0.08189182 0.011856645 0.11337611 0.063336045 0.014752014 0.30662006 0.15741815 0.079746738 0.15503885 0.033200912 -0.18263802 0.11548238 -0.010333706 -0.24480261 0.037012823 0.061538208 0.21385898 0.04022979 0.0025580225 0.21527423 0.13431078 -0.033300869 0.23079397 0.075285845 0.12707277 0.16760007 -0.34186998 -0.078904442 0.057943646 -0.022912838 0.19163691 0.015378157
0.07477475 0.22991179 -0.33470786 -0.042983539 0.024480997 0.14129946 -0.14670822 0.0028834559 0.19657525 0.089677885 -0.49724162 0.31599236 -0.0881152 0.19349764 -0.17103191 0.0057968013 -0.40021384 0.041002825 -0.11957805 0.090107277 0.042789653 -0.12449301 0.079297774 -0.062073451 -0.084077902 0.024902536 -0.12259065 -0.091349281 0.068988793 -0.20304184 0.050636206 -0.023113428 0.093424655 0.14199068 0.065939002 0.047465194 0.077044062 0.092233583 -0.050377455 0.17602824 -0.096613608 0.07328251 0.038089182 0.1574543 -0.051672015 0.0645945 0.02397502 -0.15090528 0.043475293 0.096939668 0.097067878 -0.32477069 0.041838437 -0.13914241 -0.0074420804 0.25073949 0.061083786 0.25519678 0.019150998 -0.057093661 -0.23252225 -0.017027173 -0.31194267 -0.0053828033 0.05266105 0.17132163 -0.017328672 -0.028149972 -0.017492829 -0.028264374 -0.018712169 0.036159612 0.023968551 0.082106344 0.016501874 -0.10039828 0.32521662 -0.06795758 -0.11985315 0.07519976 -0.1940248 0.062433489 -0.15639913 0.11565747 0.1873657 0.13218182 -0.11520903 0.23639709 -0.078658566 -0.15618774 -0.0036984587 0.016559403 -0.32066917 -0.0053648404 0.044815026 0.083683632 0.016721874 -0.041319162 -0.067109041 0.0508947 0.26415879 -0.16237836 -0.20893292 -0.0069148415 0.11260089 0.11498764 0.19339938 0.072631091 0.084715046 0.20094638 -0.092360452 0.067020804 -0.25608847 -0.034459829 -0.017820755 -0.21851416 0.099792704 -0.06783355 0.031767003 0.20488608 -0.099644132 -0.047749329 0.16004761 -0.10457068 0.24408306 0.31569466 0.11263905 0.014257121
-0.15743312 -0.27719295 -0.14719054 0.037615683 -0.098680399 0.1076809 0.35867366 0.012107061 0.15625551 0.12794273 -0.12721631 0.45209038 0.010879497 -0.38625804 0.27067891 -0.0019167735 -0.11233924 -0.25751054 -0.058829743 -0.008913978 0.083921865 0.0008151551 0.0090002371 -0.026507812 -0.23131014 -0.14150661 0.056325532 0.049708877 -0.078512259 -0.2328728 0.12275202 0.1228075 0.006340533 -0.2324068 0.24668966 0.044413161 -0.076271892 0.17546327 0.25487942 0.12770727 0.09819828 0.0039837523 -0.046496127 0.054818012 -0.12991142 0.17636015 0.14372683 0.015226547 0.053687982 0.03711329 -0.10767263 0.10166962 -0.0011533708 -0.042034648 0.087943345 0.1793988 0.021421662 -0.15106809 -0.45636353 -0.23524533 -0.031697866 0.32242268 -0.21104945 0.074285001 0.12045664 -0.016560612 0.15069558 0.1938118 -0.038297147 0.052181076 0.035728466 0.12330082 -0.13249689 0.015526919 0.036543779 0.069438405 0.12890354 -0.037038535 0.016399818 0.20447181 -0.0077877408 0.10736313 0.0082874699 0.088245973 0.072873399 0.04489655 -0.020867188 -0.17317764 0.09877526 -0.0021964246 0.034332424 0.10499258 0.028388722 0.1987474 0.033057608 0.078660496 0.038438514 0.069511384 0.27145606 0.12998727 0.32667324 -0.045688242 -0.10058621 0.044696953 0.27400151 0.014352637 -0.33000624 0.076975673 0.11328176 -0.241585 0.085116886 0.10272522 0.30812982 -0.24402872 -0.043830752 0.011992838 0.094034538 0.11605348 0.38449508 0.45670578 -0.051249832 -0.1735412 -0.10410054 -0.064676099 -0.46743387 0.059094809 -0.12547497 0.18902323
-0.43902665 0.12441256 -0.34235346 0.11867487 0.089314729 0.011768918 -0.17962606 -0.008836898 0.11843982 -0.059348915 0.18617655 0.15889543 0.05178456 -0.043784704 0.25328523 -0.43801993 -0.058718339 -0.29247582 -0.060497265 0.066047281 0.09222202 0.41568312 0.049963668 -0.033569787 -0.094057493 -0.37882262 0.090890825 -0.065486602 0.0086567346 -0.31549886 0.17751873 0.070350222 -0.079163849 -0.008777204 0.017932331 -0.021004077 -0.0031774978 -0.21858294 0.40616092 0.24695398 0.47786593 0.057545569 0.19821028 0.11336427 -0.053887926 0.035768826 -0.14706382 0.11935264 -0.0314034 0.19304141 0.11220305 0.034438036 0.028595382 -0.23367785 0.11215294 0.0022361588 0.26774427 -0.068044193 -0.42252135 0.032042161 0.028711881 0.39757064 0.11878233 0.14655338 0.022382004 -0.33084327 0.272744 0.14195547 0.017391406 0.029573763 0.15145656 -0.19802836 -0.15046129 0.1320039 0.024701161 -0.24863939 -0.18833183 0.28504345 -0.15243207 0.18144628 0.025277153 0.19271804 -0.032860111 0.062891856 -2.471076e-05 0.05823788 0.24956395 -0.067913391 0.14690313 0.37672833 0.036893848 0.091619484 -0.19307972 -0.17782363 0.013582595 -0.0051162243 0.16847152 0.035759158 0.23763509 -0.22505894 0.21906717 0.18475503 0.15800744 0.25639883 -0.11638887 0.2740072 -0.22172348 -0.090839393 0.037709374 -0.27368042 -0.10554831 -0.025448302 0.15716828 -0.048592564 0.082011364 0.076227814 0.0042532617 0.026203239 0.11604661 0.10835631 -0.047719423 -0.26984447 -0.20898888 0.20754394 -0.01830104 0.29883227 0.073547922 0.082368545
0.077669233 -0.043403484 0.17428218 0.012436049 -0.0022842684 -0.18976155 0.20278457 -0.06134988 -0.11825755 0.068875954 0.14291723 -0.18022496 0.025773859 0.035927057 0.21171121 0.44743556 0.046491012 0.11445558 0.27850071 0.025439503 0.12653996 -0.36748931 0.028198361 -0.0048429337 0.084501229 0.36242443 -0.042840242 0.21671596 0.13195178 0.19820452 0.084890656 0.090971924 -0.025204089 -0.2111432 -0.010456629 0.098956861 -0.085398205 0.16104949 -0.069961496 -0.17822005 -0.17257905 -0.081779435 -0.086855017 -0.007457159 0.099627532 -0.10254731 0.22248735 0.02970032 0.16112562 -0.030750336 0.0049318462 0.19153591 -0.21557122 0.14357407 0.0070883934 -0.0034528952 0.086787403 0.039364778 -0.023983629 -0.37690365 -0.094928563 0.045615416 0.14536107 -0.0013712867 -0.13706484 0.25819924 0.1249269 0.01008816 0.11624032 -0.064015619 -0.11431568 0.094584182 0.21482 0.10706925 -0.23021385 0.044036735 -0.10616797 -0.029049559 0.077557169 0.10716116 0.25912279 0.042101551 -0.16902117 0.027894514 0.086006291 0.035299242 -0.18172818 0.14246978 0.099699549 -0.32162872 0.37288171 0.06452959 0.040889561 0.1723873 -0.1864095 0.042727735 -0.15265335 0.11950467 0.13733298 0.32894537 0.10105237 -0.21707547 0.073676087 -0.048671588 -0.010804108 -0.47480157 -0.10610734 -0.20925306 0.057555847 0.22000721 0.26338133 0.11043603 0.02658163 -0.0016639606 0.039558355 -0.087454841 0.14059626 0.14468189 0.037914772 -0.18775901 0.016488997 0.36034113 0.44458669 0.15786552 -0.18890265 -0.40968895 -0.15642412 0.14427315
-0.065562025 -0.14454451 -0.37770429 0.036913816 0.051762227 0.1541063 -0.060648322 0.038548917 0.30953676 0.051404912 -0.6142292 0.34362951 0.020917473 -0.26130858 0.0064262054 -0.0067428853 -0.25151819 -0.2360391 -0.15760116 0.16751274 0.043540522 -0.011222046 0.062922619 -0.03611866 -0.1602359 -0.48572594 0.003251103 -0.03864722 0.031763449 -0.35647589 0.077230647 0.036116317 0.082391843 0.024293074 0.257916 0.019510178 0.18109593 0.32569128 0.17481735 0.069490045 0.019335145 -0.017388463 -0.20536141 0.1798225 -0.27855349 0.27355206 -0.044701558 0.043395385 0.060124926 0.10860951 -0.019162806 -0.087588333 0.09217868 0.10155875 -0.040572312 -0.21660037 0.15812704 -0.0064055109 -0.23494731 -0.24603213 -0.24725932 0.2867609 -0.39820725 0.12415213 -0.017546887 -0.087459706 0.05728827 0.036203723 0.10568184 0.0049216961 0.02037579 -0.13842517 0.0088090403 0.17476416 0.041882638 -0.019835087 0.16638078 -0.10509302 0.093382522 -0.019570777 -0.12564634 0.043992959 -0.10249799 0.098369971 0.16235007 0.044613473 -0.16284567 -0.044067487 0.1355575 -0.096630402 0.035831086 0.039959151 -0.17508976 0.21301776 0.030698201 0.062396549 -0.049071092 0.0024975701 0.24585104 0.11301502 0.41418496 -0.20251572 -0.18949147 -0.05200794 0.093291402 0.091373593 -0.059935573 0.19404338 0.16226144 0.13787815 0.17693153 0.10134092 -0.1819399 -0.14469807 -0.0015371022 0.032731071 0.24727966 -0.026420034 0.3113949 0.40375799 0.1770746 -0.013620746 0.054781426 -0.11759552 -0.24107035 0.21689886 0.031603809 0.10113987
-0.37387377 0.11598382 -0.36021718 -0.067189634 0.093478106 0.064975575 -0.11875784 -0.053848196 0.024566278 0.059546359 -0.042681385 -0.0045805965 -0.042757481 0.034014419 -0.078887448 0.20632513 -0.345954 -0.12284879 0.07174167 0.11996026 0.17991358 0.38194239 0.027998883 -0.039783895 0.14917113 -0.14344105 0.031565994 0.024384802 0.095677055 0.030916572 -0.015189143 0.030565841 0.070457585 -0.016353572 0.15501277 -0.016348077 0.013924369 0.03915105 0.12814859 0.23672853 -0.3671158 0.064134963 0.13796712 0.038761418 0.041751958 0.073437065 0.22467566 -0.0975243 0.12686957 0.11265609 0.058867902 -0.2051471 0.14159779 -0.17377588 -0.0003256558 0.18392448 0.31634313 -0.0036461372 0.028578473 0.095981441 -0.16372761 -0.21271227 -0.33075574 -0.084139615 0.016597353 0.024330748 0.048716571 0.18375832 0.15889594 0.077974014 0.1316068 0.09499307 0.18249744 0.16684815 0.096268751 -0.13122916 -0.32942972 0.044994652 -0.12010919 0.02833963 -0.43789357 0.0064054164 -0.18650579 0.18286632 0.14493176 0.018240236 -0.029964825 -0.026760278 0.05478894 -0.13750863 -0.07475803 0.032574762 0.0097821457 -0.25144881 0.066691622 0.0088412566 0.089465715 -0.0021142024 0.15803224 0.12511565 0.07030715 0.071966112 0.026845595 0.079436697 -0.22702882 0.072614588 0.016093459 0.1368145 0.15786448 -0.081488177 0.17501591 -0.098348252 -0.086878136 -0.0027646357 0.10202974 -0.091680057 -0.13672818 -0.024833981 -0.040040858 0.062671401 -0.21537614 0.1071891 0.11868209 -0.088164389 0.032048304 0.17645848 0.19937465 -0.054770406
0.0389424 -0.023135737 -0.28033903 0.10185657 -0.015135699 0.083999142 -0.01668332 -0.024877561 0.27628273 0.062543213 -0.56745076 0.33009943 0.048743043 -0.19575958 -0.017818943 -0.16141392 -0.2030694 -0.1730964 -0.13265327 0.14055996 0.050559871 0.069419205 0.025004324 0.0034455853 -0.12937628 -0.54010272 -0.01464671 0.0055941278 -0.02212478 -0.25060222 0.13485354 0.11467692 0.016559435 -0.083340101 0.2007926 0.12359194 0.067770943 0.18208033 -0.032803711 0.10401211 0.012604487 0.034709852 -0.10599202 0.16701365 -0.24193782 0.23003657 -0.08059305 -0.062615529 0.12642795 0.09757138 0.095323689 -0.25421268 0.16303268 0.12430586 0.045576129 -0.18320119 0.11582367 -0.047754817 -0.049976375 -0.19706716 -0.24215701 0.27478346 -0.47590646 0.023544027 0.072611794 -0.0093911234 -0.012808992 -0.0011295126 0.14200498 0.1766367 -0.0096153924 -0.31149384 -0.067864701 0.19646186 0.17342941 0.022891561 0.24350062 -0.10008541 -0.048015695 0.11180086 -0.4204351 0.11547244 -0.16632266 0.020242134 0.069904476 0.13228409 -0.078564204 -0.098083876 0.13484649 -0.21972285 0.048289724 0.013218357 -0.11939475 0.12041448 0.0013828647 -0.032978486 0.07622955 0.084126711 0.15198851 0.18417098 0.34369645 -0.15468474 -0.15734081 -0.03419454 -0.012498588 0.13491836 -0.071517147 0.058041517 0.14512622 0.055934783 0.1911975 0.097683571 -0.13094531 -0.25883374 0.16124633 0.088587463 0.083343104 0.019294212 0.19950698 0.26506144 0.088670358 0.030063219 0.024357885 -0.11138342 -0.027009333 0.059712987 0.010388079 0.15875134
0.041688625 0.058680825 -0.068215147 -0.053938869 -0.058269501 -0.031716879 -0.10763748 -0.0695583 -0.10374212 -0.03514085 -0.080821127 0.020828923 -0.052184556 0.050127093 -0.03343071 -0.058669999 -0.052691184 -0.010296948 0.055323083 -0.082943268 -0.002167647 0.0033842584 -0.026767408 -0.082767315 -0.056838118 -0.067802422 -0.12437642 -0.019443715 -0.049045227 -0.012212751 0.020027494 -0.016451914 -0.074618265 0.053682864 0.017233301 0.014657325 0.030258855 0.03811121 0.031540532 -0.0022558791 -0.087529853 0.082170077 -0.06682273 0.0035433907 0.0060932301 0.01756903 -0.078299649 -0.05331799 -0.076169647 0.016669467 -0.025457904 -0.034583598 -0.029201724 -0.067505315 -0.082030617 -0.0097182617 -0.027335763 -0.064678058 -0.0019465866 -0.030476311 -0.037925832 -0.10401137 -0.043293431 -0.090174541 0.075202018 -0.027476616 -0.078155175 -0.061669577 -0.059850708 -0.04192799 -0.059615053 -0.10814037 0.0040289843 -0.070812792 0.070528753 -0.063206427 0.039866682 0.065764874 -0.0047856653 0.061046537 -0.095931962 -0.10895365 -0.10451642 -0.032480732 -0.11120779 0.00055983849 0.00098448875 -0.074060306 0.082804315 -0.079687357 0.0073837321 -0.01500769 -0.012878936 -0.041402191 -0.051641595 -0.049779832 -0.035400167 0.03932862 -0.13879608 -0.027065238 -0.11746497 0.031349968 -0.027036291 -0.13579679 -0.018188605 -0.0024835493 -0.017834006 0.063234918 -0.054341577 -0.0059146015 0.013729076 -0.0093963603 -0.11703379 -0.033097629 -0.084164567 -0.11782403 0.048102379 0.0032429378 -0.1152195 0.030642688 0.055085458 -0.030164862 0.0047388962 -0.014790754 0.0085218213 -0.068875462 -0.032770686 -0.0057458878
0.27274081 0.052010946 -0.23172659 0.15567349 -0.0036582234 0.10761114 -0.26781252 -0.054110087 0.26275352 -0.018991079 -0.25949728 0.30258572 0.028094796 -0.10803942 -0.013518357 0.079803996 -0.16459957 -0.036378533 -0.068608664 -0.056381017 0.085992098 -0.03036326 0.10049346 0.066834487 0.046884961 -0.31599712 -0.1083078 -0.048067439 0.052975643 0.091030501 -0.024544084 -0.12845464 -0.090354592 0.27522212 -0.091498345 0.0025368184 -0.14391606 -0.11630942 0.18350565 -0.018528523 -0.18294433 0.050457627 -0.11979973 0.17803277 -0.2997869 0.081468448 -0.052898768 0.010056455 -0.091367155 0.090659417 0.045114018 0.087662041 0.0042782174 -0.095663466 0.033970632 -0.09493915 0.1729428 0.057297993 -0.019994872 -0.19797136 -0.056846827 0.32464367 -0.21178642 0.15723687 0.055374008 0.012163553 0.092640854 -0.064327613 0.21734546 0.019369161 -0.10462191 -0.050611127 -0.10916708 0.032412622 -0.11542927 -0.088061191 0.021152887 -0.30458432 -0.059619691 -0.043001767 -0.31405863 -0.050500233 -0.1856477 0.096321121 -0.043089736 -0.038150303 -0.093814537 -0.16978954 0.095198572 -0.2740978 0.20191674 -0.036042932 -0.21491794 -0.027860599 -0.056665841 0.014385074 -0.19930492 -0.10170652 0.27188769 0.13660303 0.39407787 -0.12551303 -0.067687199 0.13843492 -0.0051210276 -0.22772677 -0.016589839 0.13509333 0.068167962 0.095017023 0.10660886 -0.11391733 0.076443486 -0.10455335 0.08131507 0.20326325 0.04261934 -0.076068752 0.35306859 -0.048921462 0.25702059 0.25799108 0.51710701 -0.051972628 -0.082808271 0.097475857 0.10998562 0.03149204
-0.13779593 0.098929048 0.051436801 -0.021320675 0.1121171 0.099276401 0.047107406 -0.0163913 0.097392075 0.041765049 0.52655375 0.16022822 -0.042581342 0.13184737 0.29498792 -0.083741866 -0.016073018 -0.022330467 -0.13963069 0.10253441 0.025246022 -0.034377728 -0.087996237 0.054775391 0.15515803 -0.0067068161 0.24671924 0.03731022 -0.12476132 0.0099793542 0.041323423 0.052712947 -0.019607533 0.21319765 -0.13330062 0.1017363 -0.042421579 -0.22722636 0.30146983 0.10327621 0.26945108 -0.062941924 -0.037340336 -0.057534356 0.12115164 0.13466819 0.067949526 -0.081719078 -0.039166264 0.045999046 0.092955045 -0.13864879 -0.11501703 -0.16921455 0.11530727 0.032777045 -0.11090641 0.1132564 -0.20814744 -0.0057621757 -0.093380034 0.29101667 -0.064312562 0.21800335 0.072402596 0.013429523 0.19583002 -0.023322182 -0.1294764 -0.048809778 -0.069002256 0.24455114 0.38940704 0.0049965088 -0.045090698 -0.07963267 -0.19250381 0.2481667 0.0007368708 0.022364721 0.16141152 0.16733992 -0.12683335 0.029610226 0.060001019 0.056126732 0.35806841 0.14508899 0.043075439 0.10209905 -0.053710174 0.059454512 -0.020931741 -0.0054972726 -0.086513996 0.11043596 0.047571883 0.025952855 0.13235871 -0.1328726 -0.013262075 -0.11512083 0.10956123 -0.016040606 0.25777048 -0.054432519 -0.12031871 -0.11311091 -0.057825778 -0.09220136 0.031367749 0.0294348 0.38749921 0.18683597 0.087607026 -0.10484546 0.15634224 0.14118145 0.094130971 0.2621935 0.1632551 -0.23450774 -0.26862445 0.18298662 -0.12822253 -0.014033371 -0.23683059 -0.13652383
0.15545622 -0.021997623 0.10985042 0.2054795 -0.056827344 -0.08072447 -0.10675301 -0.068478838 0.070947029 -0.04500341 0.32218584 -0.26799798 0.007269497 -0.054454014 0.060603749 0.019773072 0.66603184 0.23052247 0.11223378 -0.116845 0.032424327 0.15315126 0.085358493 -0.03185365 0.15921129 -0.08603698 0.024300667 -0.019776164 0.0065925294 0.26439017 0.004673114 -0.093678795 0.12826298 0.074199058 -0.081462942 0.0047141379 0.1676859 0.11467503 0.045595046 -0.15354972 0.025169304 -0.05191635 -0.040944476 -0.080703758 0.044459149 0.094115674 -0.055231497 0.16116706 -0.22308122 0.12038595 0.094593853 0.052558523 0.019193172 0.19353741 0.11778842 -0.18726783 0.11811665 -0.17171557 -0.026987581 -0.10406935 0.14672267 -0.35986519 0.63907886 0.069283724 0.032254592 -0.047077417 -0.023598682 -0.026126593 0.085382007 0.14736724 0.17988664 -0.30983895 0.061765037 0.1871307 -0.14656793 0.021593936 -0.33237854 -0.00068308733 0.083404094 -0.054844607 -0.16998845 -0.13340497 -0.010100272 0.11081772 0.087029897 0.18324788 0.022364805 -0.18827793 0.14489977 0.0041377661 -0.2739549 0.054050859 0.091083288 0.16304034 0.18528035 -0.17649096 0.10797254 -0.08538799 0.21013735 0.001466934 -0.075931966 0.3956745 0.12738727 0.2010036 -0.32215926 0.18585804 -0.079701528 -0.0079712439 -0.0071068695 -0.17472319 0.026481541 0.0081438776 -0.0034460824 0.26251096 0.14321913 0.29751223 -0.34050944 0.049715172 -0.029922891 -0.45963806 -0.040710494 0.13203496 -0.32985467 -0.082974106 0.12401039 -0.11618736 0.20445347 0.043959443
-0.23707052 -0.14804499 -0.23155536 -0.041218475 0.03447799 0.18854408 0.17695236 -0.027376408 0.23007429 0.063156277 -0.1379389 0.31907043 -0.013746492 -0.25258699 0.14134383 -0.085389003 -0.0012835176 -0.16286674 -0.068331681 0.041714277 -0.024553446 0.091810636 0.15391193 -0.035950996 -0.090314724 -0.045097988 0.010464923 0.070015222 0.038320966 -0.26771852 -0.031539869 0.069033071 0.049368359 0.12497845 0.072173379 0.13517061 0.11051939 0.14870277 0.20163482 0.29402873 0.073524706 0.03343669 0.050480288 -0.011637617 0.1259903 0.12295597 -0.071910836 0.023781251 0.087011412 0.14207636 0.058363449 -0.29986703 0.043521397 -0.19126117 0.095224947 0.45562908 -0.055650923 0.064619943 -0.26835442 0.14731745 -0.15090579 0.23303926 -0.23489049 -0.010550592 0.11111725 0.024968648 0.14900441 0.07411278 -0.036255613 -0.041845281 0.090467818 0.11362623 -0.0082742479 0.068544701 0.02971868 0.052978985 0.096926689 0.15780787 -0.051206071 0.21553846 -0.018466627 -0.11991166 -0.089198224 0.0048837871 -0.0044221533 0.090223104 0.19135664 -0.098075815 0.038728636 -0.0040601855 -0.045223054 0.12960117 0.080079399 -0.037630208 0.025116578 0.091835685 0.046170969 0.0045901281 0.006987134 0.10417521 0.15565534 -0.048909463 -0.038341708 0.12010971 0.39081621 0.1218473 -0.16079989 -0.011248084 0.095379516 0.014428603 -0.015400125 0.067452878 0.0545079 -0.0045682602 0.018814409 0.016816169 0.27456123 0.057643674 0.33976167 0.55682999 0.018421343 -0.30950308 -0.1617609 -0.066571973 -0.27760124 0.10346429 -0.19748856 0.14398853
0.18280463 0.10066295 0.04322255 -0.13479605 0.099963278 0.085758366 -0.25914693 -0.081196025 0.062595472 0.0014996451 0.19209538 0.12220181 -0.026510984 0.34670115 0.056195609 -0.18447542 0.09226802 0.031231005 -0.31412563 0.093368553 0.030307962 0.074035384 -0.015448383 0.10635233 0.31802341 0.074579507 0.044381071 -0.06544251 -0.054391831 0.23307626 -0.034331169 0.077212155 0.098918989 0.64590263 -0.016665092 -0.0073530022 -0.032216821 -0.3195968 -0.2296965 0.11258511 -0.14652617 -0.036317896 -0.042318966 -0.059199631 0.039282262 0.13009533 -0.073602214 -0.14161302 0.046887182 -0.040490888 -0.0066554341 -0.22603068 0.1183359 -0.073737316 -0.078023128 0.36205867 -0.19568314 0.25248224 0.49648726 0.27595037 0.01658144 -0.17200936 -0.01263639 -0.071218416 0.26883382 0.071549989 0.044824269 -0.058761265 -0.067964107 -0.072285019 0.015243732 0.21204311 -0.004224068 0.04849666 0.13044445 0.012809396 0.063653015 0.097077951 0.0333823 -0.030579103 0.043879248 -0.12823521 0.16357759 -0.10020932 0.043300942 -0.12399896 0.21440367 0.1580938 -0.026928559 0.079346932 0.018886361 -0.048133869 0.050618071 -0.24622287 0.043960791 -0.021392209 0.18179221 0.094861493 -0.30908528 0.14041999 -0.12615408 0.12493649 0.10013404 0.06730523 0.032801934 0.19327347 0.34684166 0.029118156 -0.10230984 0.1212021 -0.21973969 0.10311745 -0.11324328 0.10633165 0.071681768 -0.019983865 -0.048202794 0.052563474 -0.14826739 -0.23067462 0.074232638 0.020169586 0.11059519 -0.040604636 0.43083152 0.16910689 0.022258027 -0.10663237
-0.15822421 -0.11972388 0.057252467 0.09620396 -0.10053612 0.054644711 0.14840707 -0.047311109 -0.13223676 0.102108 0.43744752 -0.093222514 -0.028788164 0.0064633498 0.082026802 0.24808277 0.11275606 -0.012058781 0.1745591 -0.022530658 0.12482687 -0.14226094 -0.10498045 -0.079355665 0.15519242 0.26703396 0.221514 0.053426187 0.10640038 0.048925415 -0.011758781 0.044494055 -0.097345591 -0.1217934 0.017850213 -0.042491011 -0.02712341 0.15305074 -0.045910671 -0.084221914 -0.11061081 0.082810827 0.072166376 -0.22671919 0.19622892 -0.043742038 0.2455631 -0.1097556 0.031868253 -0.090999216 -0.03547091 0.19608772 -0.10644558 0.064631619 0.099316321 -0.15975167 -0.074572586 -0.14256868 -0.069688022 -0.030035252 -0.078402296 0.10383978 0.24569052 0.060403887 -0.22775355 0.23522168 -0.0081229266 0.028472155 -0.0685471 -0.068559974 0.13579406 0.13085067 0.12185607 -0.15783332 -0.11644604 0.066102073 0.021248482 0.018702952 0.031906359 0.18678702 0.023966549 -0.052889682 -0.17690136 0.0069074505 -0.0036172732 0.046788909 -0.036532726 -0.026658397 0.015925815 -0.024621366 -0.15872906 0.10598513 0.15145534 -0.059055783 0.058538254 0.088398419 -0.10367727 0.11322606 0.058812428 0.17298567 -0.2142733 0.27766317 -0.011612706 -0.19980237 -0.0038514617 -0.32396278 -0.1536749 -0.18763053 0.060294505 -0.086381078 0.12984033 -0.0075061568 0.15342271 -0.093037777 -0.10557997 -0.019644937 -0.029876407 0.16968711 0.14495005 -0.15474312 -0.10844429 0.21087588 0.046912737 0.074876398 -0.23117433 -0.35323191 -0.15861534 0.029255014
0.16310728 0.025492907 0.20089893 0.066785961 -0.087050796 -0.059173655 0.13039549 0.076683961 -0.043750718 0.035156853 0.03525373 -0.1257187 -0.073919766 0.042691197 -0.02064481 0.050761234 -0.077685833 0.11405076 -0.038727459 -0.014369699 -0.11295613 -0.16369551 -0.10286742 -0.085828051 -0.0742677 -0.062873796 -0.10672805 -0.17022711 0.082707502 -0.055480782 -0.10497691 -0.14300787 -0.051657412 0.013675575 0.00079215027 -0.071661644 -0.20964669 -0.090210028 -0.012807108 0.057466522 -0.05388264 -0.0084104752 0.046678603 -0.12175918 -0.026461774 0.021054175 0.023043634 -0.12802254 0.027489232 -0.040787049 -0.11478104 0.05089312 0.0032142871 -0.066613622 -0.17044438 0.15501399 -0.12514658 -0.0031690134 -0.056455374 0.037356049 0.03054739 -0.062783577 0.096191451 -0.24005644 -0.080284886 -0.073637135 -0.12667729 -0.070459239 0.034256794 0.014941985 -0.045165543 0.0473781 -0.15095381 -0.1315029 0.037316069 0.011765718 -0.056046821 -0.055057231 0.073367625 -0.082065322 -0.069989227 -0.14753781 -0.17896184 0.034808479 -0.17183945 -0.1101454 0.079991661 -0.040605642 0.031952728 -0.024127994 0.013867372 -0.05539719 0.071781822 0.018238639 -0.08304812 -0.11449034 0.0091038281 -0.14943227 0.049279146 -0.021202842 0.051330619 -0.170343 0.025213586 -0.078438066 -0.039598446 -0.019694822 -0.049591012 0.019232435 -0.1216274 -0.0043204906 -0.045656517 -0.05569334 0.23820107 -0.25659806 -0.066444375 -0.01479103 0.1193955 0.033216007 -0.1940904 0.16084036 -0.00074428529 0.080357261 0.00072203274 -0.062799953 -0.096626192 0.017740352 0.15844864 -0.13714214
-0.033720646 0.14897627 0.16091873 0.063063666 -0.16049702 -0.24270426 0.22961572 0.07769452 -0.20901045 0.12858257 0.093098655 -0.32790631 -0.034272246 0.04376968 -0.026668387 0.28843778 -0.072547503 0.20491898 0.26727089 -0.033416554 0.076191656 -0.30969793 0.072687596 -0.063746385 -0.021361817 0.51135969 -0.083653204 0.056478836 0.30970779 0.16233718 0.034998376 -0.035421964 0.11500441 -0.52554768 -0.18773539 0.18042341 -0.0064258557 0.16130066 0.14777356 -0.16651504 -0.051645048 -0.071484186 0.063313589 0.07986933 -0.091733247 -0.16854073 0.12534158 0.042989392 -0.048254982 0.19977276 -0.018699227 0.22822644 -0.14775893 -0.008656336 -0.028860766 -0.013900005 0.11458524 -0.12724034 -0.033824265 -0.12720704 -0.19515032 0.011428599 0.15534566 0.15327191 -0.29768077 0.21592285 0.016524998 -0.044734377 0.16059691 0.10073896 0.088594235 0.016025377 0.25271237 -0.0041090925 -0.28254959 0.1208948 -0.012714621 -0.069798917 0.14912462 -0.066453733 0.088569202 0.067324623 -0.063500255 0.15437265 -0.057286911 0.15101868 -0.11019856 0.1353806 -0.086592175 -0.20506105 0.44031435 0.21119404 -0.055859782 0.041048653 -0.24847837 -0.15362324 -0.15239935 -0.0079485402 0.17427225 -0.044020224 -0.067334972 0.0076084537 0.01020508 -0.0063358322 -0.11938189 -0.47431687 0.16082688 -0.10044222 0.13849737 0.13627775 0.17834686 0.092255034 -0.21197426 0.12568216 0.014218299 -0.00088441919 0.14262176 0.068138793 -0.012950033 -0.20567137 -0.18246387 0.069859855 0.21316089 0.030486718 -0.043846302 -0.36409494 -0.10731585 0.23463303
0.10678095 0.10255788 -0.15975556 -0.01931522 0.0019452036 0.054347519 0.095512308 -0.011503479 0.16940291 -0.085260868 -0.1471383 0.3328414 -0.072597094 -0.16559723 0.41260132 -0.25575504 -0.034172665 -0.17686635 -0.0055568963 -0.10599399 0.03577821 -0.039365478 0.0042243977 -0.030035237 0.0072828317 -0.059350938 -0.081188053 -0.021620987 -0.067321293 -0.086334921 -0.0089465454 -0.088510461 -0.075952359 0.24760419 0.054497734 -0.09483555 -0.0061928863 0.026310664 0.25211164 0.031978987 0.1053467 -0.078967795 -0.083252087 0.1141459 -0.12702854 0.25443104 0.005932637 0.049643323 0.016215423 -0.11369759 -0.06120408 0.0080729267 0.052560225 -0.0062858565 0.025078664 0.15824687 -0.0031025452 0.17199941 -0.27628425 0.062637582 0.066751331 0.40207049 0.12764989 0.086031176 0.029511897 0.12330896 -0.065569907 -0.0027184142 0.24696183 0.01541374 0.0030600363 0.043053489 -0.14987923 0.16181649 0.024754055 -0.19077882 0.18791658 0.024738913 -0.23258121 -0.07794524 0.1430525 -0.04557826 0.06727767 -0.072679065 -0.068621978 -0.028411206 0.1256807 0.05460275 0.026073102 0.065764822 0.047157366 -0.11969935 0.0094895046 0.012309988 -0.16050573 0.013154094 -0.13071752 -0.085967198 0.075906761 0.1024591 0.44076905 0.056615695 0.065809645 0.29133818 0.068883963 0.11750314 -0.28041163 0.071294457 0.065396614 0.058076862 -0.15655346 -0.051785503 0.52981544 0.038735036 0.073640935 0.20502093 0.0095658563 0.01593291 0.4343259 0.15999457 0.2484604 -0.13325377 0.18441699 -0.01253707 -0.13510777 -0.0040870393 -0.13635281 0.034081578
-0.028191485 0.098202311 -0.019589135 -0.10498374 -0.0039619952 -0.1612471 -0.13560805 0.033326454 -0.17473584 0.051371668 -0.057489756 -0.14668103 -0.064528428 0.14306736 -0.022764226 0.14754084 -0.013081222 0.014648492 0.17676334 0.013578198 0.16909856 0.22613519 0.060556836 -0.068489432 0.088836871 0.16113545 -0.17661159 -0.062915184 0.18993692 0.18949738 -0.07992097 -0.10193069 -0.059024818 -0.20305587 0.20116813 0.088172451 0.075429462 0.21149096 -0.16603692 0.16509794 -0.27737314 0.023226986 0.20105006 0.017907258 0.11770701 -0.05976595 0.15830843 -0.052394181 0.049007155 -0.045839392 -0.084783971 0.062998779 0.14021313 -0.0024593957 -0.054311033 0.1563919 0.21944109 0.088819206 0.25936151 0.11073822 -0.085840493 -0.551817 0.21671225 -0.14286061 -0.009265447 0.2997717 -0.14164895 0.12885605 0.26190382 0.10537069 0.13709307 -0.13043647 -0.21554813 0.10561828 0.11289341 0.038190681 0.08494775 0.076674819 -0.06432613 0.046184655 0.0055087903 -0.15370403 0.12433799 0.21134336 -0.12726165 0.15316416 -0.22502193 -0.14435311 0.12005861 -0.026469307 0.039323073 0.085022733 -0.048501838 -0.085140161 0.078749962 0.031720631 0.068742506 0.05295286 -0.055055715 0.32572928 0.096157871 0.30445275 -0.00021383766 0.15145169 -0.23953512 0.11469983 0.24232589 0.10933288 0.039716903 0.13887464 0.03167703 0.10008085 -0.28725976 -0.21378513 -0.050213423 0.032013912 -0.25639158 0.073768497 -0.13621689 -0.29097188 -0.26524624 0.27198669 0.41061571 0.042617533 0.22496107 -0.022158498 0.15415348 0.13333924
0.036036003 0.10583726 0.22789951 -0.013063441 0.071104474 -0.089901909 -0.10803712 -0.0058674868 -0.030844146 -0.045708396 0.39211231 0.023525193 0.00034696065 0.33891189 0.13541655 -0.24888504 0.29758766 0.097165577 -0.065178908 -0.061899275 -0.027730089 0.35602051 0.17064583 0.0044656862 0.20252226 -0.15178545 0.078229077 0.02408072 -0.068213105 0.2693001 -0.08821097 0.001026185 -0.034601759 0.43066067 0.022660732 -0.14611068 -0.049302287 -0.13321689 0.009345416 0.070290506 0.050674863 -0.07705535 0.22149156 -0.023003852 0.17794117 0.056745805 -0.062126417 0.04597028 -0.022411281 0.035859428 0.090484001 0.19404188 0.19619796 0.15900832 0.074236162 -0.18762477 -0.078950852 -0.016188448 0.32135522 0.46899277 0.36218771 -0.17640594 0.43527097 -0.039131358 0.136251 0.081677318 -0.15900265 0.078215249 0.074285313 0.13210644 0.11337017 -0.18552625 -0.14739433 0.067998081 0.066584423 -0.0077447891 0.067122743 0.067415684 -0.049319278 0.019537332 0.10302676 -0.10895105 0.53358257 -0.012294674 -0.04085711 -0.0083288951 0.2755039 -0.018859349 0.067209534 0.36952364 -0.14277726 0.074375652 0.1744182 -0.071628615 0.27520347 0.019788543 0.072400302 -0.0025655548 -0.12680858 0.13333032 0.046817575 0.56315011 0.22763552 0.2212511 -0.13198324 0.25081512 0.1762725 0.13827673 0.013100449 0.065734856 -0.23043555 0.067785271 0.084604315 -0.047523592 0.078315295 0.21949427 -0.26317668 0.037440538 -0.12217712 -0.32082072 0.046688966 0.046547506 0.062944621 0.053674974 0.34650978 0.14364877 0.21445592 0.041273259
0.28508148 0.090097032 0.41416585 -0.026386781 -0.12813959 -0.023568068 0.2228037 -0.070669383 0.0016494197 0.040607814 -0.42007598 -0.01047527 0.050007381 -0.028979223 -0.29577398 -0.25937784 -0.041387569 0.19870605 -0.36787632 0.056522567 0.032939222 0.14550877 -0.064538337 0.0065309554 -0.19086179 -0.01060103 -0.078939497 -0.093916476 0.27748069 -0.29984438 0.021501143 0.083476923 -0.025016114 -0.374607 0.012569169 -0.041419547 -0.1116434 0.12150437 0.021397883 -0.12434854 0.39002526 0.0013162449 0.10586211 -0.038952827 -0.076892331 -0.029734984 -0.093294539 0.095096983 -0.0063338745 0.0024151704 -0.14180367 -0.2749857 0.091396861 -0.052918267 -0.13711558 0.28988954 0.099913731 0.063270614 0.14663306 0.20582138 0.079727858 0.025447508 -0.17028321 0.12728059 -0.025187988 -0.057883207 -0.15619463 0.11740819 -0.094535604 0.13562764 0.067667313 -0.12030178 -0.3287586 -0.044941563 -0.039382894 0.23573874 0.29013813 -0.10533335 0.19420803 -0.025334036 0.14811629 0.17047812 -0.10316151 0.064673394 -0.012545171 0.1396758 -0.15277751 -0.00439787 0.16531524 0.21872267 0.010192462 0.14507583 0.033763494 0.30884826 0.011869928 0.02556362 0.053917531 -0.10634647 -0.019369153 -0.21818002 0.015496262 -0.082417965 -0.35008436 0.24735254 0.19399601 0.087258726 0.1912746 0.079706714 0.087780826 0.19847372 0.034584943 -0.033805065 -0.208024 -0.029428056 0.055231687 -0.06354548 0.16653816 -0.09564963 0.04313292 0.15613435 -0.11480506 -0.51212084 -0.37715706 -0.075389475 -0.020811932 0.11942101 0.19691356 0.18334542
