# layer3 weight: 10 x 64
0.24867618 0.26567361 -0.30634594 0.12694184 0.11770805 0.16217494 0.052013122 -0.069218017 0.047150258 0.10432655 0.17174464 -0.071135581 -0.61566824 -0.21273266 0.029606242 -0.37066841 -0.035413682 0.28245482 -0.1002972 -0.10510543 0.080341429 -0.35868961 -0.014052272 -0.071846254 -0.10232036 -0.4760457 0.18218893 0.061045848 0.27491957 -0.047394127 -0.17391053 -0.035074688 -0.19292575 0.0024627764 -0.10545404 -0.16374734 -0.38270521 -0.12928484 -0.29383692 0.21845096 -0.13161741 -0.16975911 -0.022362083 -0.41228226 -0.15824008 0.14097615 -0.18706255 0.29579827 -0.047877856 -0.20554556 -0.089046396 0.11464843 -0.34969619 0.25666901 -0.37944627 0.14690685 -0.20000215 0.22889563 -0.11789244 0.22539178 -0.3150633 -0.34589827 -0.4006682 0.037646823
0.029587938 -0.19595352 0.23864862 -0.22768097 -0.1796378 -0.018994102 0.52453214 -0.009997976 -0.037857499 0.2955789 -0.15383938 0.17142841 0.036803175 0.2371714 -0.04585525 0.087699264 -0.61764681 0.0016377047 0.35816774 -0.033563882 0.17775983 0.1218069 0.21062088 -0.048376728 -0.14452901 0.32194519 -0.38341945 -0.24888887 -0.14124879 -0.45763645 0.16167611 -0.27082756 0.1571862 0.19973841 -0.47383559 -0.16720425 -0.0027249076 0.23583075 0.30080673 0.0057447441 -0.301485 -0.14787678 0.10205949 -0.10870465 0.20458302 -0.23900479 -0.2863031 0.14645581 -0.014033605 -0.39946234 0.096830845 0.14022623 0.093861781 -0.16738982 -0.027228048 -0.16727604 0.097601354 -0.21205072 -0.10658387 -0.20779046 0.14723095 0.13625346 0.15430374 -0.37172535
-0.027132405 0.18939194 -0.16301052 0.15791969 -0.17063232 -0.1519642 -0.0073860353 0.24036428 0.065648049 0.073020861 -0.033277463 0.28086948 -0.11720292 -0.31876498 -0.10842277 -0.22295521 -0.1089995 -0.24390841 -0.2363618 -0.07918863 0.10273045 0.062246121 -0.06649854 0.055707272 0.23884092 0.20823565 0.18766324 0.16153146 0.034712829 0.053970017 -0.28193173 -0.19988912 0.10515375 0.053212319 0.053792726 -0.089615256 -0.12015127 -0.11590359 0.18982564 -0.28711128 0.093456455 0.11323845 0.14705394 0.0011766994 -0.45521531 -0.29094654 -0.11115427 0.18639027 -0.45646888 -0.063003577 -0.29343975 0.043338817 -0.11747465 -0.18632011 0.21987973 -0.37160113 -0.20121199 0.18741809 -0.092336975 0.25760329 -0.36334798 0.25781953 0.097291902 -0.044317897
0.26257759 -0.19515799 -0.47262314 -0.041158747 -0.036800262 0.16146837 -0.26794121 0.059889004 0.11224718 -0.18074086 0.079625472 -0.086098507 0.23580311 0.26685429 -0.18883282 -0.0040012137 -0.071359374 -0.22157371 -0.21641962 0.20928961 -0.41253033 0.25924405 -0.3989782 0.027514126 -0.1991941 -0.24793553 0.084811404 -0.12560478 -0.092164576 0.14279842 0.049219031 0.20833243 0.14703339 -0.21414001 0.25074929 0.066455208 0.0080518331 0.150351 0.10874254 0.11227628 -0.20832276 -0.049887743 0.16424531 0.12215447 -0.097788699 -0.42609978 0.11042725 -0.36014497 -0.29202336 -0.18390009 -0.16032898 -0.22663796 -0.44106504 0.069842324 0.13570231 -0.14357068 0.08847639 -0.14805752 0.06262967 -0.29794827 -0.19065055 -0.27750283 0.16869435 0.17317456
-0.049686886 0.070922904 0.24578112 -0.49444485 0.10225307 0.10890159 0.20911071 0.14955643 -0.3322385 -0.28279021 -0.0022401949 -0.069560528 0.21605262 -0.18335639 0.068810746 0.06748306 -0.058809727 0.24993327 -0.031818088 0.068445161 -0.24349461 -0.2866548 0.29047331 -0.33542836 0.061043061 0.31567267 -0.047776423 0.0051120049 -0.44047669 -0.50723207 0.028870169 0.19272931 -0.18493411 0.073149145 0.17402549 0.0015628091 0.20859793 -0.17321698 -0.053939857 -0.41361535 -0.38837963 0.21388431 -0.41290072 -0.32126918 0.21477678 -0.047365867 -0.34424311 -0.20137958 0.071726441 0.10348418 0.097231999 0.071426846 -0.16152516 -0.32491088 -0.35473904 0.11455854 0.026646072 -0.12518899 -0.090522863 0.093322538 -0.25164902 0.23038231 -0.049845308 0.2558077
-0.17222117 -0.26880959 -0.0019286273 0.063639611 -0.16429259 -0.19216573 0.30140013 -0.48866594 0.19362573 0.21087921 0.13929638 0.031381063 0.1414863 -0.24970227 -0.32833856 0.15566857 0.024781089 -0.29698917 0.16028075 -0.0083624665 0.020364361 -0.12526257 -0.30473375 -0.19293942 -0.24558896 -0.41535947 -0.22079597 -0.37382612 0.1348723 0.096314386 0.027773026 -0.0066849762 -0.25415289 -0.54510796 0.15046063 0.031278238 0.11079027 -0.13505667 0.11885012 -0.050709203 0.26897085 -0.11332022 0.13047336 0.34364361 -0.22871257 0.24584094 0.30137816 -0.22892694 0.074575491 -0.21597312 0.052800495 -0.18596822 -0.13583198 0.033631336 0.11615222 0.20751511 -0.36060169 0.044487096 -0.10192642 -0.17025261 0.22931637 -0.19129871 0.030739006 0.13078026
-0.26609215 0.29038653 -0.39959687 -0.043078523 -0.19760364 -0.22059752 -0.32776424 -0.31876436 0.026236769 -0.044246685 0.13113114 0.23175493 -0.38805199 0.29696414 -0.33655205 0.0011989271 0.038232036 -0.02422954 -0.047545511 0.0192151 0.22765413 -0.27577192 0.10665043 -0.086555034 0.061922863 0.024116475 0.03799402 0.19014065 -0.080963597 -0.075499065 -0.33131534 0.17222822 0.11537837 -0.3615005 -0.30242699 -0.13537875 -0.43233207 0.059390701 0.13830106 -0.20431745 0.25033426 -0.41228643 -0.20968142 -0.024085334 0.17679313 0.12594335 -0.026780482 0.13194624 0.33065364 -0.10466446 0.24919976 -0.078400522 0.27644271 0.040230539 -0.22960977 0.076807745 -0.57646978 -0.046299234 -0.048827339 0.17596686 0.20222053 -0.33909982 -0.61929429 0.094888031
0.03108892 -0.33485565 -0.20416978 -0.071158804 0.091219842 0.2482056 -0.16821238 -0.0046760766 -0.5669058 0.18553779 -0.17631333 0.13109247 -0.14326042 0.17467694 0.17271341 -0.42089659 0.04875366 -0.17472994 -0.07502456 -0.18897805 0.28619856 -0.087385274 0.072197691 0.14336386 0.039546486 0.47747427 -0.15993626 0.1625054 -0.098028779 -0.056309287 0.10054906 -0.31765133 0.19106837 -0.085874096 -0.06492088 -0.013642674 0.32101291 -0.27099016 -0.13608916 0.08220353 -0.04629029 0.21910556 -0.37597734 0.10397436 -0.23534971 0.03700636 -0.47715056 -0.024228686 -0.32829371 -0.12810993 -0.37084231 0.07309965 -0.2540299 0.12294578 0.24885795 0.071786247 0.10534173 0.13678382 0.052154273 -0.32452855 0.085758217 -0.086464919 0.11666509 -0.047278441
-0.0013470076 -0.27832982 0.10768697 0.045811184 -0.089954324 -0.36295387 -0.36073026 0.080501571 0.11918157 -0.41215003 0.14166379 -0.36163256 0.079590306 -0.15194856 -0.021832431 -0.46343607 -0.3884638 -0.1317572 -0.2332541 -0.053374466 -0.45477909 0.086119466 -0.03628945 0.19232288 0.29711413 -0.030277707 0.098667741 0.1095577 0.14613122 0.24259493 0.25263605 -0.14981554 0.05214626 0.25245908 -0.31139338 -0.085210726 -0.32187411 0.10053042 -0.3476299 -0.14303891 0.18411131 0.062759884 0.067701928 -0.071481153 -0.019128114 0.046094783 0.047943592 -0.056084219 0.23362572 0.11208427 0.2314864 -0.12877026 0.11541469 -0.037149448 0.075224616 0.0017695862 -0.17281316 -0.010430017 -0.085936159 -0.3162035 -0.014598174 -0.010298735 -0.024753341 -0.16308817
-0.24388646 -0.21243839 0.12945725 0.26250401 -0.036684856 0.079089202 -0.13050096 0.18489659 -0.2069598 -0.053412996 -0.42912036 -0.45597067 -0.038238853 -0.11804628 0.19176492 0.36811042 0.11853363 0.1418182 0.11493225 -0.19427188 -0.19138029 -0.12519467 -0.3184112 0.081796244 -0.4071669 -0.52963519 0.1577117 0.078468062 -0.010671228 0.080440007 -0.012980375 0.14149739 -0.51384729 0.15580425 0.074315995 0.078795686 -0.032090947 -0.18961175 -0.14438404 0.10225172 -0.12377448 0.13924775 -0.13089465 -0.33225641 0.15856376 -0.028319651 0.20217389 -0.21608545 -0.020247376 0.19778854 -0.051197246 -0.051219814 0.20827289 0.12002238 -0.52257556 0.15681629 0.085686371 -0.11698432 0.07904464 -0.032505684 0.17909087 0.056468971 0.047152385 -0.42859465
